0.005197127568685995
-0.029803850906800097
-0.028194702558465456
-0.02448158260529191
-0.023707528862314198
-0.004064518850319012
0.02405057901367878
-0.015343275874572052
0.0037426980376544126
-0.017142026118158574
0.020636001018673744
0.015162644864016568
0.008056969579885215
-0.024658010508539833
0.01461408530032784
-0.020230667249953833
-0.020483835472935384
0.0323219384538944
-0.009855013015358443
-0.02486906586181268
0.009037451789950603
-0.0061526414112908255
-0.023282454373565305
0.0031529424176365145
0.06389823548516332
-0.015633393614312537
0.025176334067778118
0.002795381666565729
-0.0006607294574095714
-0.015972287785178587
0.017317394931173433
0.0005858224587033281
0.001667344759281448
-0.02690957341537659
-0.03068636478487415
-0.010728400305590587
-0.00746311127982917
0.09792120636371979
-0.03439691344763562
-0.019455111362923994
-0.011266581145205297
0.02351409720082995
-0.027427319494458195
0.010126305701765306
-0.009041396812513846
0.014142674370520567
0.015193977926731904
-0.031938648581985946
0.025728451966838484
0.057079395389206505
0.025459777648615962
-0.009230430533604277
-0.03323985880340658
-0.044248942771964644
-0.059989512852033654
-0.03387881355386802
0.034292668267035364
-0.014027982374981304
-0.02572567070236896
0.014735521772461839
-0.03177164020604506
-0.011293860854490108
-0.001064921445607541
0.053227867551933115
0.027743928817129587
-0.00429708719034752
-0.008971862153234308
0.018282358790219076
-0.004398199187671476
-0.043110343888656616
0.03009048466882654
0.013921158506126838
-0.014863607409247425
-0.04200026422387992
-0.022264981412236533
-0.010894769981564826
-0.02083094657958364
-0.07126204592199989
-0.029708018210897805
-0.029823491481176117
-0.008765860995217301
0.04088380991284895
0.030390223278100304
0.006561144554754873
0.022656171162868773
-0.07934467428558539
0.018035994742584816
0.010967015859675987
0.03016881709048081
-0.023515729265991544
-0.034662085181665296
-0.009310618342621785
-0.01258762303951769
-0.01912597428165623
-0.01876149342804796
0.0064222431193905445
0.0002032589498107373
-0.03726111004786401
-0.02110336549868533
-0.003193344759051413
-0.0010109408434806253
0.010251778168300427
-0.025403905699641845
-0.018992660406983167
0.021896784567715016
0.025801826853607646
-0.006419367935989171
-0.028938124318907448
0.04552507671524366
-0.016409078134424587
0.020254037988755663
0.0211960047334644
-0.007861121332067931
-0.00019779530118225612
0.01679143993865746
-0.039124496590918656
0.006024367109886118
-0.02315563351038186
-0.046544803621409635
0.010260450467273077
0.010892025140006202
-0.027451241850832437
-0.0028588853935747776
-0.003764249718403444
-0.031030377574448792
0.03078022430155679
0.010501860308821661
0.016167421473878424
0.019789113702997317
-0.025495255213827915
-0.023697070418751003
-0.007177108787511412
-0.0611752790088838
0.02311196774187665
0.017692048277795393
0.013886262446298718
0.04442694968604626
0.02708900372733029
0.025188040711074014
0.005393328078555784
-0.060740737319081826
0.04213468920343573
0.010640805217560953
-0.0014439374736280753
0.011079229870657585
-0.0021184049923054175
0.02396990597164413
0.05847075286707895
-0.0018928076597809667
-0.05191541700983769
0.0004365574079928511
0.036795093487044926
-0.045132728834932294
-0.016892083750008172
0.019747362458344908
-0.04763438674618576
0.009741015076415165
0.03833190030129748
0.03938113846610807
-0.00574727561120876
0.02214444572384961
0.009277056570290355
-0.04531005299182221
-0.04304406797296827
-0.006243838115666552
-0.020517961836796612
0.016773046724030394
-0.02687068142594893
0.020266716681040433
-0.011074253281253693
-0.0416468227037975
0.0042599297389350295
-0.02625375896139788
0.04841352831372057
0.02985524150259816
0.013530156655298617
0.03232214714967874
0.009996511180992273
-0.03327730958734954
0.009654218087216422
0.014575631985953684
0.01306334826164834
0.011175162522235736
0.011772585769179226
0.044684365914481425
-0.01470747341592696
-0.0432562978319896
0.02807933617897423
-0.025570655208119172
-0.03563517972969502
-0.05972993888384574
0.025188637099640507
-0.02646442929054149
0.02784781229721236
-0.07009670746636187
-0.01728775308106423
-0.021861712786474752
0.020261537328563
-0.0363220591692641
-0.004013810423028366
-0.010253964999892944
-0.007450169335501003
0.01109826881407563
-0.05009731490665194
0.011274299188970854
-0.013989185436584088
0.0004767741546084684
-0.04540840947452868
0.013195091088727157
-0.022188368329058045
-0.0032347980972351944
0.023150789429340256
0.03602414890543187
0.006218386323488559
0.027032235123104813
0.011101401020404984
0.04831996488874497
-0.029263738952174354
-0.006186456656806618
0.01123985275008274
-0.022204829395297335
0.058141703028452466
0.020674098095728045
-0.050798228782319384
-0.03232895671978326
0.008008668282724913
-0.017452240653632413
-0.005982358087657923
0.0051003155304584265
0.033228351308770596
-0.005663745048773398
-0.017249353385637576
-0.022623360889816587
-0.03354435413600517
-0.003950143092121935
0.08173803507353315
0.032086159799474864
-0.048008165855614154
0.0038648062592827347
0.0411626474450643
-0.0036910221130706878
0.01650787336393204
-0.028114657076726546
-0.05776927627503384
-0.05005333062309228
-0.0028368345059267244
0.04411093483788876
0.03480665647009707
0.009935511616445474
0.016599959772213724
0.022900303488852598
-0.0022563879402767075
-0.015206965543323042
0.001350928177401227
0.0110166572734908
0.02588334190252627
0.035444528523682
0.047700987488589724
-0.010196639735905734
0.004622553056701094
-0.008904680577461075
-0.0004630092086525983
-0.033373894910303376
0.04654893558063562
-0.024423716933431688
0.0690840689881255
0.011413410826072874
-0.014605990871248187
0.009092904997643304
-0.042625209884147156
0.06879688559981183
-0.03280669208566442
0.0532673551495084
0.006872774120161788
-0.0072173465991152725
0.032434927503893866
0.03999966324917661
-0.04701573013677798
-0.0021333834893697322
0.007561077150440271
0.033788336399472714
0.04781872925004838
0.017961224958268792
-0.01797007412225215
0.02106831589849111
-0.03796500530882538
0.0229357637407588
-0.008142811078961965
-0.003448418875136148
-0.023409720016019424
-0.00015730923474453344
0.00926606302084681
-0.01847397799812203
-0.039918695306496235
0.01771009510878034
0.04830258335393068
0.009204081153220285
-0.008548453298859763
-0.03794317913895038
0.008511938595013178
-0.47610297527150847
-0.261322153961431
0.00621754351684356
-0.092877338568047
0.1955865291229142
0.11189588629601696
0.43318273676122215
0.31443285435393664
0.5305367344031237
0.3774079756861514
0.4069347941912054
0.5975711692429284
0.5286425175475977
0.6126935091894873
0.9771474460815981
0.745061580800821
0.9238187990372583
0.7286135238577067
0.7312785667686722
0.8298974277109098
0.9081835142485473
0.7861201446406479
0.8107724848930249
1.005921083663888
0.7925186783731795
0.6143389361065432
0.5740450563405816
0.470597573697078
0.3710534155569717
0.3717300747350455
0.25291016270273226
0.27121942288849343
0.3291002073653058
-0.014830563468464703
-0.05774816517360831
-0.18294746762971645
-0.03486969613614645
-0.15533648365058203
-0.32608667476710596
-0.2692005841514807
-0.4433319769149148
-0.28532247330254956
-0.5285050676069523
-0.6337755511100805
-0.5233992658853023
-0.6460149096656298
-0.4617582190859929
-0.6330683789046816
-0.7651604079097211
-0.5674292925515894
-0.7648968055625697
-0.536442408062523
-0.39769624593826014
-0.6284895294503448
-0.7027000930538015
-0.4601328710335827
-0.3535398941042731
-0.4989974755439933
-0.4185968773670291
-0.32683519293906726
-0.41974504232132676
-0.17312394570409703
-0.24736143942751804
-0.056375997514018436
-0.19998003548858423
0.11030863929283628
0.11611846383776256
0.01582698496983454
-0.004698973987609337
0.006209116796296765
0.24078147841823624
0.21930817569381383
0.29168745516615735
0.2980254386994507
0.3816595899758391
0.29074798378656247
0.5181190695187873
0.2512665165412124
0.46903216773572837
0.5071838293506812
0.46430756331821965
0.38323296092085446
0.3850271942470763
0.356661123425714
0.3258400712128797
0.3249780979389355
0.09748759798700468
0.29286766671198416
0.2636490121781473
0.42042303366305134
0.08160009611053357
0.15131801224672617
0.1559264059135215
0.10745198194623831
0.05490165471028538
-0.02549595118960926
-0.026401125001154664
-0.21689159513212422
-0.0361748478432541
-0.22604050613721724
-0.0148206030315403
-0.2279469601316809
-0.2523485644877052
-0.03186293068821028
-0.20269952142514225
-0.4649226237781583
-0.19054614469555337
-0.3813680701103257
-0.2555557343217469
-0.42001698173591234
-0.19042483096729745
-0.40228567226217166
-0.30758685146913917
-0.3402321012546557
-0.3419150181518791
-0.2809645523982792
-0.4059106175988858
-0.36579530673205957
-0.03852078354172109
-0.21988544618470024
-0.3993702074880243
-0.27346442926333303
-0.13787133255206438
-0.15243473986618591
-0.09534646629569025
-0.08265347838720606
-0.007810504740053792
-0.15845445005354108
-0.07021349413661702
-0.21951146877255553
0.022699316615993375
0.08170944653295834
0.07636035062412073
0.024695824379254536
0.22220029903462882
0.060955090919167565
0.08201455124762737
0.10303204141733407
0.0907710932496901
0.11253085616386026
0.32367606360359547
0.13206624577476309
0.2979712420691478
0.05368578747503383
0.3222367492687639
0.34103419939517365
0.3254246295956658
0.31504899302332234
0.32976085321891907
0.18704014792210874
0.19180404788092112
0.2871378854044623
0.2305932007748888
0.11905402658615871
0.04108626577246777
0.11197080613463854
0.051992110639490816
0.10606810315052327
-0.1115783904761151
-0.037097752824800365
-0.00589527750028118
-0.06012820070674692
0.038360023576240264
0.16220168755019115
-0.07067161027540483
-0.10870434615932126
-0.19847603142521655
-0.025935131402531425
-0.1568909201162653
-0.10378357148443443
-0.15523264643728862
-0.19721166375590726
-0.3012038944372102
-0.28905433153784965
-0.05042430500770878
-0.0915189420823124
-0.22093284557072412
-0.1295871605318519
-0.09353604776953524
-0.26492427995126305
-0.005580478968928604
-0.14827381664923267
-0.11192477820564196
-0.13183595901032863
-0.16964696532352924
-0.12847250994352782
0.006730686427569563
-0.021759923737769887
0.13097172579342284
0.013079657849798004
-0.10733313523076216
-0.11362726768616146
-0.0160396256432797
-0.024549793459505254
0.0385382233931519
0.07793631575519393
-0.0002233659085913442
-0.05172212730310918
0.07371583449856842
-0.08000825680741569
0.13556093948148995
-0.09534855504135231
0.22233226121422658
0.01034486121970675
0.12376757575639102
0.06198320646220175
0.08041228583898179
-0.03988753757423211
0.05752913829228648
0.12495700361381759
0.02140607781475662
0.1225018701370128
0.10307710662677023
0.10987583947948837
-0.0701441951841029
0.21965313320067809
0.15503731894599093
0.03135662254638061
-0.18351137123340394
-0.07972478146876685
0.1994807122313306
0.08511351264470247
-0.0022964265042517504
-0.05428385820418437
0.10899081227812438
-0.07362464225904267
-0.03145414368843394
-0.09431528874583661
-0.22120777535588584
0.017014039580393693
-0.009200826760807322
-0.10637549474576094
-0.051570154510592034
-0.20423833764812518
-0.09585922073095605
-0.26111570215744506
-0.10691728609703773
-0.19068958793069268
-0.04939378919612136
-0.0882973400519092
0.0031111421860545996
-0.23536583740363293
0.09853081368020941
-0.04963607729139152
-0.14659534242648484
-0.058610364172521356
-0.05203118254651657
0.029768373721550105
-0.08231239975071042
-0.038832681882814406
0.03192842928577631
-0.03513800871668394
-0.11171194114249483
-0.013361203075098988
-0.007350648931260735
-0.1192379236165804
0.010699819871714143
0.011593055545776818
-0.11173852039141619
0.04358563189246458
0.0675081455021251
-0.005780640040135281
0.010088204883631435
0.3337848854280166
0.0865873059464567
-0.010211974632943724
0.03227237557963965
-0.09166567676567554
-0.09648106637503608
0.04996658328415371
-0.04683862784392831
0.07575070954738124
0.09302255903130816
0.01135930677284052
0.2198475278160098
0.13845097081569932
0.09430711728289366
0.14556449846155384
-0.19899313467828972
0.049474929214859666
0.1989795882020235
0.06451279865234145
0.0794354839368003
0.027359154115701126
0.15178577803208454
-0.05762694172835999
-0.040520374520607486
0.0005021983813658405
-0.08006930233094772
-0.033675481173131926
-0.0853053609150568
0.1395680848363077
-0.08332153971911427
-0.1053240185097379
0.032567193895169246
-0.06827064972394598
0.062437119443732765
0.030859125901826566
-0.015321862344327052
0.06874902460885392
-0.024009276403073876
0.03853481832353139
-0.018121379854601577
0.01728164199719104
-0.0719203798795109
-0.044987081458755254
-0.1681629134941216
0.014223294672099512
-0.13674808298084065
-0.05028696395596936
-0.06632284129674801
-0.06521647005531477
0.040272855029830065
-0.03103520033682914
0.019847068084244524
-0.06195751447020846
0.037488292720756246
0.11938729797903624
0.08057575169487188
-0.10840053630058284
0.2662427920185042
-0.011529189613410852
-0.08661720465530844
0.10743980102832627
-0.01998586397944681
0.13369975639426132
-0.0478166311317951
0.18919257907518705
0.2395965787916138
0.10463507384339038
-0.16645930569546108
0.08064948448298581
0.10304710975222017
0.13051738419442893
0.012580965326979637
-0.02181719508989085
0.10930105783079629
-0.01713440556856298
-0.15678787041547065
0.19765781116563244
-0.03269640447225437
-0.045688928692815614
0.13882069123542343
-0.13817671543077317
0.11467000323321873
0.06806197923556424
-0.013947384457425185
-0.018852808176004626
-0.07617796302063964
0.14140574796843774
0.0031707438603901066
0.09817655834272897
0.07099183929564691
0.2022493088277692
-0.018911293624343045
-0.047251982210454804
-0.08410828308605246
-0.06420631047862045
-0.03508433362067079
-0.09166592664409429
-0.04371721153784559
-0.12692975670665912
-0.007005736603612464
-0.06221714291003968
-0.035986506345661584
0.14268100252475793
-0.1774241805046579
-0.1305307498630605
0.09403405777155907
0.12358541697616729
0.13020469869774332
0.19053650066445998
0.10439327265225212
-0.026190236926808767
0.2254549291742523
-0.043968433361416384
-0.002246534672262113
-0.0854255459738486
-0.0855583651407185
-0.010705193305105727
0.003775993215903519
-0.0919102911616664
0.33339917104926037
0.08489512910015892
0.05257210743078435
-0.029541114109021768
0.06450239244237946
0.15640747357807813
-0.12898608163917527
0.22621019195207404
0.20110134900343768
-0.10781350400266138
0.011639200481498784
0.03128362266665237
-0.11203258185050778
-0.14991583610170614
-0.04781039475885728
-0.05143410442940814
0.12107850790233353
0.06634592328573302
-0.11006819240692475
-0.02572479200294815
0.28652239217319864
-0.015333132129869418
-0.1845108762415698
0.03765091585381273
-0.014519373487554783
0.11238594112481767
-0.03457101073541279
-0.16335178967403216
0.0435514408521557
-0.0719349225891815
0.09682244673433818
-0.030664007452144905
-0.044766085381373555
0.011975242683602337
0.04021279684080679
-0.12559991519702754
-0.11335719773543423
0.22028072213441327
0.012267846021717602
0.06755463174107228
-0.2574710439160209
0.0014292728102085258
0.20199796387126975
0.014785107390962737
-0.01941802924007921
0.028416741071203795
-0.0842404177915395
0.014219761082195121
-0.020297846773623875
-0.07611100556410234
0.0019954831014805177
0.1252594406228839
0.029421130694850556
-0.0358938789920861
-0.1268378210424984
-0.04425348218407396
0.14971656272609668
0.01990119226124004
-0.07057449908093465
0.19390844156378886
0.09443246103115419
-0.0934582813170295
-0.09121349987246213
0.01563916537771646
-0.1903736692322712
-0.053826619303290565
-0.04363079767393086
0.15714284030306438
-0.12004592629181228
0.07579844344738827
0.061496477978521785
0.03575524180322412
-0.005927270913763889
-0.16763167784221872
-0.024522007863513426
-0.02784437076677744
-0.07484609235595284
-0.015282988917648791
0.009711427552895762
0.11354904481286698
0.10491859213409727
-0.24264020051685375
0.16708737620546665
0.1439171498768551
0.1260345405166967
-0.1174480829842217
0.0620717849212109
0.055088291150684976
-0.11123149904215489
-0.18167539485554188
0.06987993960211945
-0.10833602319736284
-0.06711180664759504
-0.11036256932695827
-0.17228042665642787
0.2144210365843348
0.03610410631316385
0.07449668085426914
0.12617011730711775
0.11056710056269631
-0.12723719700065098
-0.040542171901869324
0.0028001355508924597
0.23492538131003765
-0.03490637137968954
-0.1125060068539793
-0.12552515253709512
-0.19996961940287045
-0.03688757579083161
-0.07387496884991165
0.27958175013200703
0.024748321587799736
0.03045817828995686
0.020206284860639558
-0.17718085001250825
0.006865887928067819
-0.10953448770798162
0.006769059012847728
-0.0527161569802441
-0.00027476220016690644
-0.01919939239779394
-0.009380773845533473
-0.009801940396169655
0.027680582093318574
-0.07237091677542033
0.0818799130899418
-0.109598753753952
0.04355524300058328
-0.05268134987129093
-0.021948258926829986
-0.0639433319665396
0.05281885763230931
-0.005738978978967415
-0.016664712913100777
-0.04260406088162105
0.040206791618323565
0.03942758899747779
-0.013352835022360485
-0.06543605314096057
0.02747191685059905
-0.11096831914559252
0.0068485490356232585
-0.049452083820305956
0.026389078112905074
-0.044902254810539693
0.0373036377073598
0.04530187471739974
0.034480682222271936
-0.004476236382335656
0.04481523195943557
0.020185458359772174
-0.008149486305090848
-0.07517663153760895
-0.04188578812552547
-0.07903390440832532
-0.0360841832824858
-0.01074452612618361
0.03386589446332313
-0.03967960882041355
-0.013730222678352225
0.01862338036735389
-0.026637569082679537
0.09057456805147039
0.02857070819637085
0.015802475199736127
0.017966305099124048
-0.015472178173745603
-0.018054408991676384
0.03321570578709969
0.01596761399997203
-0.0010230544838149762
-0.013199315459338723
0.053774602007529426
-0.05587558007056873
-0.034195253025161444
0.010025327504448463
-0.03452798279840624
0.017252772102959717
-0.015862485940674985
-0.04206463096829183
0.0022937347598258983
-0.003866395700908921
-0.024430153649930744
0.07770984344787586
-0.022472281993416138
-0.030586864673992322
0.052248025263317094
0.048390534554826066
0.02084876757680848
-0.03207527841959388
-0.007292123542395027
-0.022635548346390196
0.1140762497409657
-0.010540282080520087
0.055645712216402556
-0.00882495621076427
-0.015016470595513549
-0.016218256018187844
0.022166326936246657
-0.12738391637474347
-0.08684520107684124
-0.04285811929104238
-0.008745707761995892
-0.0109025825652974
-0.019214144755403197
0.03678588023170639
0.012318981955650683
-0.06125391185737279
-0.006542198959090812
-0.0795338918367279
0.042954620264126026
0.08271387601962372
-0.009144507527110457
-0.012332363741917374
0.021946775848210236
-0.05089069999514998
0.020255510449649905
-0.08272659906803902
-0.0543414161999106
-0.023738746000422205
-0.026848156060574363
0.05576107004776057
0.018175661100773267
-0.07209038475821877
0.098576257879832
-0.05560370058658298
0.10303305103764777
-0.0813282345708821
-0.08539647125408839
0.03330347963863161
0.05320933709370806
-0.04690809105063036
0.04991663990769668
0.0010364059180557087
0.0028762185175386585
-0.019035148573473076
-0.007222810480048284
-0.043409092758945805
-0.04087972760715046
0.04692493729250788
-0.044583498419085266
0.0621257649212835
0.017234332624803107
0.017202420404214266
0.11892420262714445
0.01663679696438133
0.05682862164629732
0.06858094061723208
-0.047146324031348066
-0.028314986507756015
-0.006388858641307025
-0.026478179298522277
0.0487973597660816
0.07729480768097895
0.06360621188439121
0.07198376504879585
0.010696063784096932
0.045092165851621034
0.0063969610084839805
0.06337816000683454
-0.009480917263314712
-0.05057028332632882
-0.05574661197105768
-0.03659837989005285
-0.0003614809754998161
0.005413478166621457
0.015700548205348597
0.002433743580336299
0.08267603693497695
-0.01764956920298528
-0.014087454118367496
-0.037400118671182564
0.0020350159304759912
0.0669006783115395
-0.020602183621640027
0.008392866296909858
0.0323384637090969
-0.11134563350937686
-0.028219010650173012
-0.04060260962551984
0.008925994318042888
-0.02741946000059563
0.0366999486837931
-0.02229829139511938
-0.0052866699878256415
-0.06598236008189605
0.06104112675365249
-0.06712284501429187
-0.03633615798231227
-0.059299401448967004
-0.006314451844771892
0.07812787458703563
-0.027390408244417366
0.01675269860685923
-0.013690130698357362
-0.04215860464817023
-0.03044525295041757
0.01740755491528158
0.03242585495002328
0.06356001895721486
-0.021859356307856875
0.13955790295275863
-0.001961413323586134
0.03397468124715219
-0.011214448759834197
-0.05991669049543548
0.11182932609180407
0.020953209995502292
0.032043654221668785
0.009063624163742205
-0.03206606444850861
0.09476672036292869
-0.04254591781893537
0.0714146368632972
-0.001644198922586112
0.06638810328378492
-0.005093477205636641
-0.048188770287262345
0.02383116903566428
0.010177289516415175
-0.013419577907458596
0.0004933679682134062
-0.0414413950383796
-0.0061627182294612705
0.02635170715152245
-0.04855310199805273
-0.06247422806536626
0.05263283324299517
0.048134658083458765
-0.01661391012234582
0.035880867263402554
-0.022394017294630624
0.10532917262425315
0.05318499626796286
0.04509276212204337
0.0041505453071176805
-0.015285206519748447
0.06273752406130045
-0.006473616098426781
0.02031759754012223
0.015620571946632742
0.012716451743699586
0.061297969539142405
-0.03435607139662117
0.01439501585036699
0.0674888038777457
0.048176662788863234
-0.04666726988870304
0.004346168592875908
0.03729713192171534
0.025347271916130756
0.019437635494739938
-0.08560982105456633
-0.053770505772712085
0.022383790907835592
-0.010012335065078337
-0.02470561859799683
0.061592822780420865
0.07709633389895373
0.022983287820081653
0.04632375662236386
-0.13330654154637836
0.047530167852689265
-0.021036153212465374
0.01623947081618127
0.004747368599894449
-0.013182637345666787
0.019698836846500888
-0.12060615854647197
-0.06574144625445828
0.04200488642160178
-0.07551081395837213
0.03220319971357125
-0.053760249397036566
-0.04995296526540972
0.05803304159897722
-0.039287943972629455
-0.12877285697557336
0.0505463354646608
-0.06728385814165858
-0.031877403163949145
0.08045273020751467
-0.07188527977361611
-0.024001693260126328
0.003381234524681296
0.017027476883305144
0.07228847124748881
-0.05034894290909158
0.06679763833601328
0.09635653544615269
-0.0343772578160768
-0.002495544358046933
-0.016640460414168563
0.11703624892038954
-0.01579599423856535
-0.1089228376883103
0.03780593497781827
-0.011609863055612128
-0.11642561707250672
-0.00923677803439099
-0.002412034836754041
0.03272430626710681
0.07183240421669938
-0.12073195092038336
-0.06178209629206665
-0.036921975803967624
-0.08345945730735843
-0.052667248921236004
0.06368879214782906
0.08593870345368419
0.06338408286776302
0.05879178175510208
-0.07868479196078687
0.04366448337417112
-0.0063797704693975684
0.021925311887722516
0.055886542430052755
-0.0023934182787523663
1.150492003302848
1.0989849779315386
0.9778084597902977
0.6945489400124865
0.5600372589545198
0.6689491759302613
0.3219971103868484
0.12094100982072506
0.13474224851251915
-0.11465526806069216
-0.3401547471823875
-0.4687003436793714
-0.4304034706455354
-0.4876922532684447
-0.6690621704335611
-0.9397731030962047
-1.1647743969110382
-1.1780889769461316
-1.402377076724179
-1.2557200326853675
-1.5959391579911761
-1.6506247079176226
-1.7483489667046124
-1.7321719943701372
-1.7086024056246114
-1.9906752495465385
-1.9529455633454817
-2.0089119741501262
-2.021625302548875
-2.244985074775672
-2.370288178917124
-2.348187641300609
-2.09024725873034
-2.4667970894143996
-2.2629443067979778
-2.518897761304679
-2.5807601003813625
-2.539949830091889
-2.4723440151187472
-2.6888858627014063
-2.473885009784088
-2.553842658444781
-2.361464011159862
-2.4805925973883314
-2.401002641505535
-2.4160026465764304
-2.4233290965685907
-2.329252995524646
-2.26700376683515
-2.1143225920049056
-1.861619234660803
-1.9423616506116193
-2.020057304398141
-1.9055866121762848
-1.7637584764432759
-1.8535730047287367
-1.6886691113870709
-1.475799728317103
-1.5119866193510374
-1.3529334685555456
-1.008616825605569
-0.9373397615008754
-1.034794308319076
-0.7573006588712115
-0.5843732714586304
-0.76081953297754
-0.4875399849957374
-0.3786290567498122
-0.19905112644311168
-0.10142973444626197
-0.173109601078896
-0.10936175908297249
0.1713052513708754
0.13233715513322575
0.37556219689242815
0.33288549905556497
0.478292292623379
0.6997187822405322
0.6876993755403343
0.8125342239864264
0.7797591090376288
0.8821237490274211
1.0200352549455818
1.0693584590330028
1.12364257077935
1.4522374789362065
1.297467295276171
1.5145588987722651
1.3361307604745805
1.4565589551761529
1.5269623112624702
1.591411076796586
1.6532796380678147
1.64054512300787
1.721747999860407
1.5734904282656974
1.6905057486158626
1.786947696142465
1.8096389864188251
1.905297371378313
1.8755148428735358
1.875736655341246
1.8659644280951895
1.7090218577906107
1.910132015236921
1.7710641920031196
1.6732152827696174
1.7208964970130036
1.8345755031319246
1.6951190254945907
1.7329655188164776
1.6364496407202098
1.5299760001043017
1.6514928740257653
1.4120044864667223
1.3617115822806736
1.2725521903808121
1.2403737260430434
1.1522540003746529
1.1481214644915305
1.1710712746489984
0.8379465757153937
0.956596919339361
0.7384463070815787
0.7895187566285966
0.6068288805401586
0.5704188655473045
0.6108136703025966
0.41578551193040947
0.29928181781666036
0.3894223989957755
0.20632198304552457
0.16738930428282017
0.08844351546624851
0.022670115465609215
0.022435898736221954
-0.10660891000028858
-0.2431388852375266
-0.15678206752373658
-0.41668965916863937
-0.3459041268523866
-0.5092361182326473
-0.38126811817064454
-0.7182808835809964
-0.7172222944786062
-0.7737319253226642
-0.8089455002247946
-0.7931441666170874
-0.9695000358339423
-0.979005946666376
-1.0433200673291858
-1.0105544626277412
-1.0479827167503888
-1.1345132400484417
-1.0812229229832968
-1.2643879167419239
-1.0429269907306413
-1.2865348080290557
-1.1209727531972362
-1.0865415013675057
-1.2229369171470172
-1.3483122402792043
-1.4380503797305406
-1.2757964060340234
-1.364426265753508
-1.390484979157871
-1.0785127647266077
-1.111417661337428
-1.2383360054044525
-1.4371480075797236
-1.3645756387624437
-1.3018129462921821
-1.164686415783545
-1.2235865806206263
-1.0824868898513744
-1.0922506587533694
-1.3034318402007672
-0.8275274341261138
-0.8600307650445992
-0.6336753554982347
-0.8812475241365513
-0.8996667769186619
-0.8507446325089546
-0.7314542306488413
-0.7104816041604396
-0.6686934167728138
-0.4615495226014493
-0.6197905416824039
-0.5215471273025665
-0.34969792465263355
-0.3203691822113629
-0.4698666036683445
-0.28612017191462746
-0.20616337704604257
-0.27628077821589203
-0.37753428871059463
0.07990364486713128
0.0007633161664432498
0.22735916651555452
0.29426111915314834
0.02383134546631724
0.1935929919215913
0.3862671337964896
0.2652709048410736
0.3589661794456018
0.3519213915962851
0.34946612741050775
0.5284660513444813
0.5433752396766234
0.5347871604964896
0.5249066239571354
0.682321108359812
0.5268842625260122
0.6049793034707378
0.719483248619519
0.8744875475010307
0.7467319699237632
0.6790932699465823
1.0189417415611093
0.8897094088633072
1.0081301804954244
0.7307482733356871
0.8162424974208531
0.8024353986279327
1.0638392084287962
1.0160331764289863
0.9361556300255072
0.8567521968154187
0.9216568076722413
1.1417747353822514
1.09859716205199
1.0698340081728903
1.1208543148256358
0.8937953748776369
0.7619603067549503
0.8983794509040675
0.865507847321842
0.8047890219324456
0.7093890048118643
0.7321324515340631
0.6280591709103837
0.723551313248471
0.5889950595240468
0.5640993125709348
0.6109348332313712
0.7903780672340786
0.563121049660668
0.5479127832431502
0.32713912089509545
0.45354438240059114
0.5690793408324445
0.3237568131839603
0.3295306874859886
0.07392016754949501
0.20014189188232778
0.16678078233524746
0.35268711363086047
0.1934137359248213
-0.042939754313611245
0.09514048785753733
-0.19893817476937767
-0.19789616536146337
-0.09792463871025078
0.023952596034934465
-0.2477385930622209
-0.31643244872704107
-0.4343145640424415
-0.13482228406301128
-0.42928472074056556
-0.32254612664795984
-0.5205399979719032
-0.5482994555966172
-0.4345817811015549
-0.4774963877384442
-0.45492580597834703
-0.38759018514971333
-0.5402401564777191
-0.44294725735470175
-0.5818621993034127
-0.4460441494488773
-0.5712203095111674
-0.7761011490065621
-0.744328991663363
-0.7511312743788175
-0.6330972671545583
-0.764204606286883
-0.7086474751128751
-0.7407410095460444
-0.646299627917679
-0.6515492012426374
-0.7161828354481625
-0.6976475490517032
-0.7938782362853725
-0.7534710210519714
-0.5867708727874801
-0.6947754474616797
-0.860636802113441
-0.6017226685887662
-0.7722830230484274
-0.8055520060732677
-0.605658132668431
-0.4735847196780809
-0.45012244281784936
-0.47690820768562275
-0.4252564247129908
-0.603139676613778
-0.5625011513260216
-0.3857975648829182
-0.47892614857527055
-0.2570565581160644
-0.43728241549607927
-0.27037242488197305
-0.3625054336166381
-0.3454966454697968
-0.4248998826559877
-0.37793985973855737
-0.4554170518481871
-0.14367663479689285
-0.073535561358838
-0.31736341779305455
-0.19039052873899642
-0.10652237883437421
-0.04864099117432305
-0.1345435711585054
-0.0023738879290116505
0.16725788527826269
0.16745643495462612
0.07969737323334138
0.09732387085637856
0.07164469363707839
0.3393787392240656
0.07434615908179948
0.24335511265552306
0.21420711819259453
0.21975619847688915
0.3920716768348757
0.3125958391288451
0.12411593222429596
0.44765963608061893
0.5047407293827217
0.4801602114230171
0.48531420977867057
0.4737596349414008
0.5964749106800286
0.4746201865307843
0.4002368577717742
0.44147401772932127
0.3849574469845287
0.4125741180730688
0.4583667926513245
0.5644110333730396
0.5417603887933377
0.5355918001162661
0.5122628172053567
0.5298699449076825
0.6001991555881462
0.6279618000410166
0.47805429105694724
0.6780936486315765
0.4761313007809503
0.41123862133902445
0.5017985045695187
0.42355778150296314
0.43626745311131476
0.3728526006883209
0.3278267873686943
0.5320937264434195
0.4150612106926648
0.255627047552848
0.3860413984155633
0.4697942452055144
0.27951834064001957
0.3474571187692553
0.15210786925211547
0.20655590594650197
0.23645151948907792
0.2168585311024862
0.16144858315239885
0.151534986097487
0.13926739728506235
0.08039713921386876
0.3135574386665441
0.012205498120865854
0.132508960308438
-0.0009337365185307298
-0.06396390846425923
0.12224002631262683
-0.03900632593265216
0.11894539454932579
-0.16330375965462093
-0.09941633313493345
-0.26953710337518944
-0.15790486238945617
-0.17052310792264666
-0.1263121604537267
-0.1273240142471485
-0.22566376501441304
0.006611739955733831
-0.45044486127487093
-0.3469024583899586
-0.33047803185641544
-0.2883278085163442
-0.23131742841884792
-0.24743118358270744
-0.2037059282589655
-0.2919346959067701
-0.26160519254862985
-0.0981766348055525
-0.3745045307362931
-0.4596710426386369
-0.4416092046506112
-0.5526697164053064
-0.4035878697566798
-0.280216344581256
-0.3527612934324075
-0.39718553005229457
-0.42955153730930906
-0.2502591510159416
-0.35409607252063546
-0.3781064113488892
-0.41231454353927877
-0.39361434957708286
-0.2788951097134249
-0.3570090955981387
-0.313893737903724
-0.3250290220161752
-0.20452205778855226
-0.4213934846005654
-0.31813414454695377
-0.35049700447975896
-0.4152893521193506
-0.25069490441777115
-0.3202130585576491
-0.3167147795960022
-0.21537766032836683
-0.23705620087568063
-0.10720411434391261
-0.14655938392645604
-0.09576267977605872
0.01799885545598323
-0.03661579395364717
-0.07968660808256131
-0.14774757570809377
-0.06288865352520101
-0.010476063786557133
-0.07109670754674133
-0.1566018007335557
-0.05190783002060595
0.12429479912455181
-0.09628135334550458
0.03524743124180681
0.11734415758158968
0.07256149459420433
0.157516802470592
0.13164032467665884
0.15018525585586903
0.03963934904454747
0.04148276641034726
0.12433791591729726
-0.020898810264388834
0.31954518012843114
0.12715183910218933
0.07781821929190169
0.20307129578536673
0.1960470214459953
0.3600861304715228
0.303252500522886
0.16862102705268203
0.14855397155646832
0.44971327248144666
0.25005443973398994
0.19438820216868122
0.383556633508922
0.23768225100301602
0.24287951342396427
0.39691723721064404
0.32466588397246626
0.29752170175619697
0.42841103034783345
0.38019984621598346
0.2891474580089554
0.28992894151140997
0.1594885229012098
0.29827783127276375
0.1594187355192147
0.4419696848304435
0.19903888577105788
0.32042686268913667
0.23836552483715284
0.21454375535372178
0.3294226210655681
0.20907545890009085
0.056786212853189494
0.19111320894632342
0.15719290900523591
0.4585848130697131
0.11825357457954247
0.14280074932118067
0.28861406133483825
0.17389163283763742
0.2472247016635183
0.25299736514850724
0.04631983597125062
-0.04822285632809534
0.07763144669542642
-0.1077773372900868
0.11744606866050003
0.11834418075431134
-0.061459413351587
0.1513288310504648
0.0624517431089008
-0.02639606181157701
0.14494198605831454
-0.11995880714585906
-0.02424949201761587
0.08778015401367224
-0.04464019955412318
-0.031060487738499877
0.012863535270663515
0.12540934323867348
-0.10225412232317564
-0.07990794472699908
-0.06216965047912149
-0.0795548894557843
0.03547722814108681
-0.04336195308218102
-0.33647060667054884
-0.06827804510862232
-0.18604489965445498
-0.23749458277412216
-0.23087379852530257
-0.23958906120574014
-0.13098638966114268
-0.16492697158402575
-0.1151561996182879
-0.23243006582433848
-0.18636372870284013
-0.25228628699998434
-0.1060303839641724
-0.20916675533654078
0.007655890359241718
-0.0054375494191849505
-0.4947713678094443
-0.2473236376481234
0.05451733584498747
-0.3299228529500138
-0.14956403715321617
-0.3481667851401721
-0.12070645288293493
-0.20289314831072966
-0.15322965869919236
-0.24014194787408838
-0.23445036112341505
-0.2837266388649812
-0.20780114047778694
-0.1382415627294355
-0.09683561318072198
-0.2012827448241637
-0.2541731845280646
0.04220548531206807
-0.09313312110031123
-0.0024160455475678994
-0.09419210274226184
-0.3242201781938114
-0.025933578606295464
-0.19407902606682934
0.03688084007104958
0.076905913148773
-0.09180718033873841
-0.030108621113399694
-0.09146848554859888
-0.019950246848045805
-0.04385880081146613
-0.17996130236924696
-0.0267009802468387
-0.032708819552509066
0.1829916912753792
-0.09416603204551509
0.07692318142591877
0.1488517742063784
0.1271504685678215
0.040805545208432006
-0.0753232085271348
0.09879984944364167
0.08181504429183559
0.12192208299730263
-0.05511790022091555
0.2606152154902967
0.048254490874785345
0.28943339152739705
0.00772140164309508
0.010238888302798718
0.20566898975720332
0.1170804055994076
0.2994217911002298
0.05429552988213862
0.05667853672892738
0.1206297050245937
0.10063721410517323
0.04653030905111688
0.07048767803089544
0.24531002253462625
0.2083590197659267
0.1186249246453389
0.056963656517486944
0.17822880731762913
0.09996486136562541
0.19599202717613579
0.310151395949802
0.2964243971599193
0.18575918722184603
0.18509342599288803
0.22967991520896458
0.06429769708426923
0.08106370323077396
0.060546274378461815
0.12499333820406414
0.14410639025089156
0.2965606703789294
0.001892494038386927
-0.08009910553084118
0.07734669357136059
0.3122302117877141
0.1730669723925352
0.05919254512089329
0.1649778872639896
0.03693409240272823
0.06921766509131155
-0.10025167675370622
0.08696913990770772
0.024357597102757044
0.0012627765306937669
0.16267675314002888
0.07073900225493486
0.1014573085062451
0.11900756470652961
0.01890114373970472
-0.1277104645301216
-0.09000533848609987
0.006887172211688353
-0.1073094627649798
-0.036952179776776534
-0.06701251679695949
0.16345996737283203
0.12256574526071778
-0.05959467446280751
-0.06833635609918327
0.0411438466126129
0.13456556493149188
-0.22252076932501752
-0.007625874876436137
0.04946562792282509
-0.04483655855524247
0.00735417651478916
-0.22777104336778167
-0.14815465151390866
0.007680086580188816
-0.23162915401968262
0.14493632326611894
-0.21861255869008356
-0.05518232998721349
-0.24707894872068317
-0.02791833881391817
-0.08438288233593837
-0.14872607063962626
-0.06679237156094528
-0.1646062696772273
-0.20769460334516293
-0.03847806982562969
-0.18159706677177162
-0.04671483533327177
-0.06488459532278062
-0.07892400020688838
0.010180530474025729
0.14094364926616604
-0.07808917018020739
-0.15609477681082623
-0.16908367612744848
0.018215547564612175
0.12156621146121543
0.008575255904955698
-0.006936654343244045
-0.145145254117461
-0.10024576409992987
-0.11904262090716523
-0.14178199598894795
0.02341000862489441
-0.08263002731412117
-0.09342428729053023
-0.19172913352435783
-0.18917843878927723
-0.0012327893802269868
0.04753114277691052
-0.05522210267914543
-0.008850766321204694
-0.10001717273782795
-0.1655284436007598
0.1262633674571439
-0.05136442793964472
0.07733429606858538
0.10234679575022304
0.05573997045153423
0.0778886184710931
0.06604384126269244
0.045565106090100393
-0.07134227585225156
-0.17030983504473934
0.03570371242086206
-0.027328331064920247
0.0872007971920353
0.13292422835150258
0.046597366913605005
0.21026499249631117
0.11613059502265327
0.11321860484505329
0.06462541133692448
0.10910212030212912
-0.02403611692873088
0.10777237796468042
-0.009300157912173285
0.05273430921914203
0.14287417579607434
0.17062645562719092
0.18822728130615995
0.06267884792499585
0.03310761973052205
0.0906110269471675
0.026649736966246444
0.026678934810772846
0.14536912160641266
0.06874284561773161
-0.0011043835638911564
0.13729018613646862
-0.01563101985159722
0.09031358156053332
0.036254287793019674
-0.1242080923535103
0.05492372023947124
-0.028567964332239792
0.2970637239412923
0.02738050284219449
0.2619677750530547
0.15377575482719752
-0.06625050407410901
0.22562700505240715
-0.017985351098038845
0.28275284717722304
0.1312031432780738
0.058154587300823644
0.11905656697523481
0.1261294894953302
0.013631898991061913
-0.07462457250645031
-0.04218992115177776
0.17112750605689575
-0.10498262798831517
0.06889154702239653
0.060974478633095575
-0.053068108395134095
-0.15485923213290548
0.011108588865547882
-0.09396630127680704
-0.09249947495924062
-0.17451858700757275
-0.08341897845704097
-0.06853492609205454
-0.17761093219083557
0.06923131511192149
-0.08337749648522816
0.0102967970648697
0.21153489813498877
-0.038407561901409634
0.02275050238173761
-0.018444883436022838
0.07702205244959576
0.07878145211137892
-0.18917799265197305
-0.12132051988594603
-0.11649518165108329
-0.02960359093212407
-0.12660204399979522
-0.1622005229087684
-0.007358055287840871
0.014026766220559136
-0.12490277350615081
-0.07136434775076017
-0.21887632685880645
0.040807871495322605
-0.07591721773348692
-0.10054857595196742
-0.20581665220068088
0.24181348985473733
-0.05004226722601379
-0.014355659044049202
0.02743494094091372
0.060847052068252826
-0.05622446819042275
0.06501497022620317
0.0024358381845596966
-0.09537086311348628
0.5966832907651631
-0.329766613783866
0.3655428040673478
0.6427022790257314
0.16667516490954537
0.14526713686638448
0.8171691344801405
-0.5403083399634703
0.050840021791385755
-0.02248769030914946
0.17690831473345997
-0.11936991388129957
0.20539953410819375
-0.048664577325553765
0.06071678926775566
0.4647779960941658
-0.015115657019136919
0.24348783004073857
0.6507055855747828
0.7439999304831713
0.3892385213507833
0.2836776754145107
0.2828013288071248
-0.2204737289384735
0.7400749171376519
0.16635921378657242
0.476674596535522
0.9866965562329095
0.29672875278741834
0.7913039070894786
1.1763256338533932
0.4348502189239633
0.5589916249215818
0.36195259598983254
0.7632913203211702
0.8037107459218046
0.4762860186650531
0.5095919030609066
0.9048917587932281
1.7002906993895435
1.4312428898354141
0.5078852279664248
1.3606917240095509
1.4682674350976197
1.011514975315058
1.247936450148746
0.678653532776951
1.4008715362393633
0.9351550968021145
1.9427942911413085
0.5534539521216746
1.371872585729276
1.5305924529571509
0.9833096864745707
1.3461262360759827
1.6863441574696725
1.2449468395517473
1.5176584324965567
1.4593444409970782
1.8775017429149652
1.8866708073894423
1.048136436207278
1.4768482202092883
1.134477914485664
2.3735211716642155
1.876065706640464
1.7786982560273283
1.880972098427038
1.6313284277773148
1.4151892157631516
1.1918253143956403
0.696727412672855
1.267453454348219
1.6154026188106516
1.8005837331999588
1.6300459685472732
1.0804603125522876
0.9709713740004731
0.28693277921259486
0.6766062653426823
0.7504116503978344
1.3264099542134784
0.5700245030633186
1.477521496703171
1.1089128627511198
0.7737284099903039
0.2628612937931615
0.5017146388072946
0.8983814882582042
1.5141172023609752
0.5241171703444651
0.19716831577185906
0.059729033466457804
0.7126985838773079
-0.1865631490251627
0.4786019866302297
0.3363707191311426
-0.038119025280529295
-0.1116833034042305
-0.08425113204989204
0.9252314926515008
-0.4598725958425192
-0.11457607376661347
-0.01373602440517957
-0.908232687048402
-1.1382194808163009
-1.1469626490500944
-0.4466447032181097
-0.4135862252835179
-0.037828747144085906
-0.8051930550824624
-1.1566781267772996
-1.1317261317547989
-0.5200072807285578
-1.8885825957587972
-1.5655296170014883
-1.6665566311081816
-1.8840577668424006
-1.3405991470309155
-1.9613249590045405
-0.9916397696398643
-1.909101289506746
-1.9256118254627312
-2.5034702942074274
-1.7450250552316868
-2.2526758943688066
-2.0120188385033075
-2.28459662286207
-2.7699698007644833
-2.1230109421294334
-2.818922348841191
-3.0890809090700775
-2.3189923687256795
-2.380038464307404
-3.044848232506056
-3.7070017703873512
-3.063673187541369
-3.045192755025231
-3.461401249251921
-3.7005648962114903
-4.027107553018748
-3.4154982085261247
-3.2399372307456655
-4.01635901734446
-2.8479002963881355
-3.652018022734605
-4.284277709601418
-3.188093273700657
-3.8687648525064695
-3.7351720232675016
-4.114171544245677
-3.730636016837029
-3.7694065420583134
-3.674422146199235
-3.9194929516437367
-3.722192905876552
-3.203599630421879
-4.103698740322407
-4.375544523454161
-3.896491977096893
-3.7400045396415473
-3.842178148315723
-2.9744967182919018
-3.735243991938964
-2.9961904281334792
-3.3522160881420664
-3.5949022368305776
-3.291551627677487
-3.191784757301151
-3.260501069666057
-2.4268808172850203
-3.0045441731854456
-2.9277337202775953
-2.9483273763457123
-2.4087700535683862
-2.908854874364155
-2.38385091277712
-2.675731914260556
-2.1841975758421155
-2.033550201613643
-1.9904712726031997
-1.7407090586275644
-2.4868840915563215
-1.9144555379446255
-1.992210490047509
-1.0234878725277543
-1.399630729223422
-1.5062983847705445
-0.6570412337820641
-0.5853465788424899
-1.7253301584153948
-0.7992404619591185
-0.6426419608870181
-0.8617809935643893
-0.47586584278498467
-0.4386765747678611
-0.22523582946774856
-0.11841050123181884
0.9728883756774698
1.0269509031676538
0.7129975333891392
0.22123044732069552
0.7344453417256551
1.202364539393055
0.6595172095813584
0.727416457413911
1.0717033258564932
0.7826775255256496
1.9233119699460275
1.6554682313637312
1.9408730002394607
2.0380350154137283
2.3800011768559015
2.3487549734422437
2.9201533603234604
2.838673796973974
2.8622028970526556
2.726784816508253
2.870845699174335
3.433730947663155
3.4922695342840235
3.54217256085598
3.601069298111641
4.247866779256894
3.781204448738383
3.890788258194407
4.313321490400166
4.032255658242043
5.173077660689072
4.791339612712428
4.804184256992757
4.738907580799391
4.730245215173786
5.1984425233976586
4.846945484247592
5.378777674942312
5.0060047152323
4.739537941962193
5.245908382029299
5.938199684430714
5.84263026504011
5.722666460874156
5.638494057412643
5.610937193916289
5.848493443316761
5.5797850567807785
5.926696419304506
5.124414308642538
5.155456362700092
5.881021276593168
5.526480177090322
5.471878176492529
5.88764343728742
5.509642497694668
5.713459068339037
5.548780815561607
6.00764288327326
5.34853576402678
5.548300026062301
5.0955453884410105
5.738770711528831
5.152825886689531
5.884964764341324
5.800775212247199
5.71222472481594
5.062757538517499
5.118723161084411
4.344596513259445
4.921451180756996
4.590643610901092
4.519005737931825
4.101454302537766
4.356942188440563
3.751184466033819
4.292522283795304
3.6389339656817725
3.822357125604657
3.327446877646361
3.969218024855336
3.026575185818654
3.286882268045602
3.36675914816417
2.156750766123983
1.9196601106596545
2.35906311330792
3.0854608838559794
2.690660948533987
2.6795159165290965
1.5380990089368582
1.0817041853685894
1.9167540343384104
0.9376014023982919
0.4246740794675286
0.23877501640697135
0.3506592301937326
0.11795686297846913
-0.44560957504851284
-0.565667550045575
-0.23183131000350063
-0.878863704117833
-0.3359095709518034
-1.566942756210227
-1.4314946735562217
-1.6754459694004074
-2.154884943297251
-1.6982925913364655
-2.586425423663347
-2.3435489612485103
-2.8286296460311795
-3.0484762445143616
-2.428510377498755
-3.6418171276926756
-3.3604564131928596
-2.9159909366464487
-3.4404032972615126
-3.6570505853617608
-4.716917509309359
-3.2476746641582475
-4.458721647384763
-4.672310185965584
-4.806635576774226
-4.3531461511603755
-5.951922943406231
-5.575450186229154
-5.176811921962639
-5.80991977516734
-5.269227334886966
-5.552498475504798
-6.187281147532722
-5.839414988403034
-5.892235153565343
-6.57743567775738
-5.848563767374579
-6.110020486524499
-6.969399327516268
-6.897565343105881
-6.364384496983714
-6.493713503349926
-7.111676328751329
-6.572916776321451
-6.278768155770864
-6.873382329651228
-7.696678825992595
-7.310355818562864
-6.980419102500766
-7.327069316069942
-6.7522449959290345
-7.001610495155475
-7.148786165071811
-6.7224447912769145
-7.702041551440295
-6.697552674972901
-7.995278501562407
-7.023721199752009
-6.373918524844297
-6.662662358318435
-6.9761735263686075
-7.2260774896107245
-6.999658943754086
-6.3956086141058845
-6.180011669931917
-6.335846953652732
-5.902456047931183
-6.568117396479227
-6.394873791065698
-5.293078614967419
-5.473409543667871
-6.7132195547564475
-5.4364221408768
-5.697084088560995
-5.474022901322829
-4.9331602752320975
-5.015338782156126
-4.35288381808317
-4.584922175029567
-4.110834047654335
-4.5936443114482275
-3.8897213906149437
-3.5942676654520267
-2.9335716322936296
-3.4580384290147705
-3.112666669385019
-2.4269537662851914
-2.701778794349634
-2.7447648472989283
-1.8198568989718185
-2.491791956278078
-1.1816294801411606
-1.7274539550192096
-1.9056050261646893
-2.260675492999023
-1.0923885859931994
-0.6186274481549422
-0.7345926516192075
0.22221809155760835
0.25320599620140277
-0.24188217643011223
0.34800342956787617
0.46238315477907066
1.7068179927120803
1.4330335800043539
2.0298846183114243
2.102668534543822
2.3962345867706203
1.6858499059304854
3.2864447997645754
2.729141135958784
2.546739296276645
3.4820939396300448
2.85153015140033
3.068591712770921
3.9921184095500215
3.8727964225587064
4.433904491570673
5.253285089412758
3.833540961837609
4.4205715224625255
5.344911720039769
5.046912936369639
5.920725390742945
5.5446417770570875
6.1103335671744645
5.7939193633856805
5.8365800441622495
5.901516672359901
6.927819009048681
6.698410217069862
7.133274823988969
6.605496624185636
6.64770320460369
6.5128876062101435
6.841339284089775
7.442078966719051
6.785582640751314
7.7345684748631625
7.928960046388691
7.275966565775799
7.141097206601058
7.8952843856544215
8.032428846945761
7.735858788905297
7.901154962309217
7.6983756585702
7.612415635425149
8.263942066361887
7.8270923411199655
7.8654743523552995
7.925011033492683
7.3384899517600415
7.585412685437794
7.224701953613564
7.9706643974410785
8.143259474521894
6.997635586126917
7.491664977043139
6.9965272179022096
7.850007933797357
7.232663584892115
7.312347669578122
6.7236564356875395
7.021050240199619
6.888865050053903
6.636661309372802
6.9327356012700205
5.660052307206795
5.796301869740369
5.579105882528686
5.696445545722586
5.910707260842047
5.412150752892265
5.739762234909167
5.052495764495208
4.600634771097404
4.824158256872504
5.194286227397583
3.682687247847697
4.397570221768612
4.079629002965968
3.887753204216727
3.778784017570714
3.0072774797283635
3.136355065848902
3.1234530869730515
2.492541470687068
1.9576425325986682
1.6102698477046928
1.8651762198538495
1.483136869844778
1.6820204705176443
0.82004228533357
0.9333606080340889
0.4033384238356313
0.2963504261547861
-0.535430387724012
0.363524397133098
-0.8376629597079287
-1.2700696261892042
-1.784134783673927
-1.5553475826272263
-0.8087595691807653
-1.5507807116372943
-1.5418891752496773
-2.5387650230315844
-3.2506184645583707
-3.0190430503357306
-3.018245167177248
-2.7857029303136374
-3.0323229046572844
-3.9298228509957824
-4.162174862741528
-4.749829858623934
-3.659544527909999
-4.025943810657741
-4.718194043130937
-5.187408573888767
-4.734832273056018
-4.952444390825217
-5.8640247441984314
-6.208076142880123
-5.275111524551855
-6.615503270571781
-7.173836768906629
-6.862462854629183
-6.337469958129607
-7.005974292608361
-7.181934986318316
-6.882819789101656
-7.090569400017591
-6.842476426159163
-7.9252642413466186
-7.552133482146592
-7.420251370867636
-7.594367655049957
-8.356555342595641
-7.934625186617294
-7.543144623709372
-8.060524108346554
-7.936028285496039
-8.217852790743672
-7.5989222969556725
-8.178515656806857
-7.671733938197984
-8.148017262002544
-7.632337907500918
-8.014836911662583
-7.639939585663109
-7.713992514115963
-7.507444357585212
-7.73954965618873
-7.97682821757892
-7.462858255566679
-7.820953754382612
-8.094180717862576
-7.0590142063358865
-7.161191034168973
-7.1516363239247385
-7.818385841600579
-7.2101093340462885
-6.945077319469753
-6.771543105297714
-6.452495628644207
-6.096924124545065
-6.273955147578521
-6.893639830846106
-5.695312546857551
-5.67344584632231
-5.3995698360502145
-5.399522756210086
-4.985433051495634
-4.896718844363208
-5.741021888403965
-4.128307255511345
-4.308827288989663
-4.593989126872251
-3.9939266316822444
-4.60989021251416
-4.205410535251158
-2.8759322595221772
-3.7368337003602825
-2.9008184591790087
-3.0597890154699523
-3.1036906089296816
-1.6219372275896013
-1.8059116418528007
-1.8658467007753798
-1.5409609637647776
-1.8645534122451615
-1.1585758549456837
-0.9032891814372238
-0.8374962847487096
-0.4078822065262079
-0.4924593721665312
0.5915422284596795
-0.11173024130374282
0.8996088377119924
0.79365340303586
0.933847505392844
1.1175125532759713
1.9054980481486647
2.110390434956213
2.02673788520122
1.7378430637406073
1.7788779496301461
2.1017536192373694
3.0826406003767475
3.3679022864031483
3.151073330923121
3.732075324463768
3.2413293626228135
3.4276680800735826
4.487720500078689
3.6260059855270605
4.165762335165213
4.762705890477119
4.615455429184231
4.889207196951675
5.3597112022323525
4.763053218065306
5.04928264723967
5.597986759939944
5.277903994969654
5.485218239424738
5.612096251817144
6.184964284748624
6.27585545227019
6.820665872889412
6.107347877673278
6.37065327242005
7.304997303478354
6.991379909896312
7.199089956207472
7.137905318642542
7.015802975444222
7.258060539697215
7.006256421988057
6.874232749250005
7.319861317946887
6.511065859066671
7.200164248972012
7.307122151469884
6.667435532672915
7.570639085655497
7.355388364547388
6.716292205759637
7.669318717416715
7.447859295602443
6.286403817141029
6.423175151672381
7.206656636823994
7.110917556656017
6.329070698719826
7.032589659718708
5.517435139137281
6.741205610754579
6.273904701069358
6.380327541984772
6.346035581606335
5.957258964776556
5.468289780077861
5.39573840483995
5.330120988335299
4.9059970603577545
4.806356286080973
5.070090287926324
4.803912601674864
4.698492510804109
4.730324422056938
4.864412939378847
4.847307856991147
3.9705105759075634
4.112546506916365
3.473954020798584
4.300214864684508
3.880772799061434
2.6227051778129296
3.2453895467584135
3.242530946971768
2.921825468672399
2.7028081062788396
1.9410277473862203
2.205426966238089
2.3621817832260517
1.2516780141352006
1.9655419143345392
0.7603404541977393
1.3204407857547307
0.24903514565138118
0.7101182626990463
0.1646310321611692
0.6604052880503115
0.21729197531113875
0.135977901753559
-0.7523138988320992
-0.7122810085324002
-0.5455525542993073
-0.4915830853964378
-1.655818359124154
-1.2252388065205317
-1.0836233521693999
-1.9961269375191453
-1.6242875284568221
-1.926418750135649
-2.1917885148473153
-2.475250486023979
-2.908234265286901
-2.307710845969591
-2.038229607753276
-3.351264383676834
-4.059785507058364
-3.7928110599991065
-3.3291526155515663
-3.373188651396815
-3.4420065177364902
-4.333807061530609
-4.179201603576518
-4.334241631415179
-5.088831404727405
-4.900433900468788
-4.450879766661993
-4.887902834197526
-4.364651964218682
-5.783503019544605
-5.850645895739213
-4.912298047647986
-5.5787474319145725
-5.487965775164843
-4.99907048613396
-5.324846034135566
-5.861857259205303
-5.313487673667291
-5.532768543983592
-5.168862719403149
-6.08022128433136
-5.826169123984807
-5.9654679875363525
-5.354538824555158
-5.120573861568391
-5.605003635876273
-6.260267357872715
-5.762095564178927
-6.048760568655025
-6.040917557154918
-6.14959145502646
-5.617544797917643
-6.167057509146371
-5.117478007751248
-5.804973161265394
-4.244181555321555
-5.033688551497676
-5.261577867190453
-5.2904634652063285
-4.932132936330526
-5.199936148549572
-4.633992637131044
-4.597969951151866
-4.988612979264565
-4.37287692149518
-4.69639879887112
-3.654418985336263
-3.953706969369186
-3.9439826163068323
-4.010415766685229
-4.192413402218401
-3.9057769509815836
-4.570267725409572
-3.4851262581952103
-3.80940142801224
-4.155242010369878
-3.2134036428389923
-2.8620759596592746
-3.282996799626034
-2.5963349589572267
-2.8987141684516473
-2.61364937011207
-1.887598909839991
-2.538135306824403
-2.767935984237817
-1.0283785929942986
-1.993091522576677
-1.0331625506499105
-1.125936958964704
-1.0342453837218168
-1.2594494907252287
-1.192486609043472
-0.7047076911561703
-0.652184609197822
-0.7078992682700802
0.25324726191735225
0.15342806911236
0.5709325521086877
0.6889834642944634
0.2577473130339207
0.5347775789670433
0.5930132547621871
0.6529182037842641
0.6385236029017193
0.8368093250467585
0.6992542252014391
0.9037304221803293
1.6128189633825647
1.2534477787648468
2.005882815484263
1.9700417899776088
1.4114677683886807
3.028099794823235
1.9906608335523246
2.305160684834765
2.755360779299551
2.686064201725298
2.3405466346508828
3.1752477869009725
2.994277490303001
2.4225365799416467
2.9768653806799263
2.814506948821193
2.7020152887886337
2.0566323857660906
3.2800567687487048
3.0624372016044097
3.7386113924721487
3.3406203653523403
4.071242442681418
3.427656621124819
3.2913554665238745
3.7276949850174907
3.3516684974602606
3.485124113134602
3.4652844715327897
4.345213947970805
3.992970485378245
4.120233310934979
4.130734441842947
3.419456148381022
3.8100180431711324
4.134527347507657
3.3589536020036275
3.9007827666579784
3.613447821019242
3.1142756436714425
3.1599590833244564
3.9718402621715643
3.536005970069441
3.7232104744097896
3.980089106210779
4.347517154270339
3.7011711290529123
3.9100371435183305
3.0029652666867253
3.3869461325088546
3.7985575989062217
3.597361147262169
3.107406190753753
3.0408603295189716
3.377794289950152
2.3088745255018934
2.703363929675759
2.3710322424471206
3.3676133319062194
2.761991680984232
2.5944489923652676
2.3964871699460417
2.5480805315795645
2.2053060566802025
2.9024036126349873
1.9176537922129993
2.15352004946764
1.5302470114719597
2.7041803257547112
1.507567097121044
1.8746519748712451
1.6583600969657415
1.66603534173716
1.5703030019419972
0.9820588939588067
0.6898259539593747
1.595893718389869
0.7261073970860438
0.8195570653422184
1.1091050440113
0.26738630948140046
0.4054144072566056
-0.24464681591257043
0.4507845515590732
0.23014399703991725
0.2533407111316649
-0.17849033642082804
0.12828739466948808
0.365653247417964
0.0783408726942041
-0.45438045899291035
-0.3439219463526927
-0.6757532977229855
-0.012078283223436903
-1.1344883420952543
-0.26318594090520053
-0.7939507734377758
-1.016273364979639
-1.1248335225835704
-1.5144058022254407
-0.7011650618621195
-0.707052511663239
-0.9286500183553918
-0.6713015045673087
-0.9631981090271322
-0.5506370173528552
-1.1585449764263034
-0.6532339862252106
-1.2334285860493321
-1.3723682526210856
-0.7305625777096265
-1.3339079918522798
-1.4153170174082306
-1.6881442099588038
-1.4384068162893127
-2.412526790043821
-1.7893790210160603
-1.3206469664513283
-1.4391269520759955
-0.9093133395294843
-0.9677646924519587
-0.9877635595319154
-1.5385285645240394
-1.429731229271776
-1.4525304828128456
-1.2875764034951866
-1.3417117731456165
-1.038676154816853
-1.616611853247987
-1.1711754837222315
-1.2192884072999328
-1.297165057877867
-0.851782100108757
-1.6641657059782355
-1.0178759001031232
-0.9399239425126147
-1.0611326241031112
-1.7390911211679738
-1.7163352233211082
-1.2810160703183322
-1.2612536568424664
-0.955551106273476
-0.7800327968509808
-1.567930854871411
-1.786902598893998
-0.8923720107761625
-1.3933086553043126
-1.099094985776235
-0.9317792902255186
0.3888427426363875
-1.4738077326094206
-1.444339511856521
-0.5245941193799775
-0.21872427346416168
-0.7762522266397305
-0.5993432530726962
-0.15816823538311786
-1.2249197511120893
-1.2029470236408057
0.015456456313272637
0.0023526068812808054
-0.5672609773222232
-0.47771482442677277
-0.4543320533683334
-0.20586810068844794
0.2788287015287538
-0.8638682643460078
-0.8856664664302287
-0.4539558129970216
-0.870778005932495
0.550307592827019
-0.3960380657474478
0.06357971527963546
0.21776759719709157
0.26855654473950463
-0.1651210728808955
0.11491819338057271
0.20149651959934897
0.7540386969823569
-1.0373483358300664
-0.12437399552504813
-0.02395221652853017
0.8674839046337601
0.1090491922334007
-0.32335381169212085
0.15785846301747927
0.3163871373867843
-0.3983511075492562
-0.19269886438475298
0.050710877233926054
0.6140199519959695
0.21275213365312365
0.5654647941573464
-0.6906545284969807
-0.15950780491847194
0.20108415590309786
-0.3845351217095079
-0.2349354762264318
0.22972768780273387
-0.5111729200559635
-0.2922954519855202
-0.16968810188209948
-0.04822052131529618
0.005260910302542679
-0.10233290930547366
-0.060844243588241274
0.22373594047690598
0.05146352828168449
0.02345583632395537
0.20804908824940826
0.1265829348151924
0.06557403711838702
0.09752524589346089
0.29180206911704415
0.3854857404038686
0.34962482563331776
0.2185401335506905
0.12690131033200544
0.2403440706062828
0.135907495924936
0.3952509457679072
0.16033556631509907
0.2033953868284905
0.19572397877302372
0.2941681469890929
0.3921662913294345
0.17666938324757045
0.27314599960948766
0.268157057664704
0.2987453174049409
0.11113676624224976
0.014189674094388469
0.05743336757701309
0.3295110136351662
-0.039678563353935825
0.16500549225768732
-0.09638131922863127
-0.16966382246231015
-0.14597207523360417
-0.10088688495051282
-0.345050152522949
-0.1624678375205014
-0.2793376655113147
-0.12806400643988808
-0.2921944945080515
-0.2612145204365711
-0.328152753482623
-0.39047658088451265
-0.35420017063579745
-0.35230967052452217
-0.2623176151135563
-0.07442058123160528
-0.22188939016971967
-0.3680507769673214
-0.3236209491098305
-0.2532610051083306
-0.4158393124471127
-0.3248785537018088
-0.18703017849937803
-0.2992282699414088
-0.21710151148294118
0.049437145134933774
0.04213823870060708
-0.13464510980562944
0.06280523016752396
0.15500799455047
-0.10281438703209339
0.08846576191754409
0.11478241574560918
0.21120155106506233
0.22513365842615465
0.0692733865922138
0.048395988189407144
0.244047598832384
0.1197383609276447
0.27737188973723076
0.14894068670640417
0.20853025608149953
0.344190674023543
0.24658433040574246
0.286153782706127
0.16859175024286774
0.18681932082767277
0.24142909699735596
0.20848500699895295
0.18174823865352288
0.4307926204740913
0.19817705369245353
0.33937276386662474
0.08725066430809952
0.13644575121963673
0.13834049742680193
0.13727163977151
0.13688091476122205
0.06541159440230968
0.09166695308529098
-0.10749355608808811
-0.037087007923025966
0.017280013831335775
0.002657829856214211
0.0659775941566006
0.00902843714209102
-0.012565484477302172
-0.03864375018715835
-0.20624570073568202
-0.010034733503774623
-0.14815288600681795
-0.2391407063772677
-0.17865160372290104
-0.04621056354426156
-0.16097219794617648
-0.09254849846762572
-0.152684565001731
-0.2170848296462452
-0.0479390814209919
-0.2344096993073427
-0.2264903633108619
-0.2524643546195672
-0.2167313022034119
-0.23248481703100735
-0.1600906975020256
-0.05676913279319434
-0.30601152134353093
-0.10032000426851315
-0.22863724093904936
-0.08531854730726829
-0.17373892723677822
-0.11425362934603979
0.023259567393718303
-0.07383261190107203
-0.09198842886758923
0.09650858658332265
0.011374680435946458
0.06962742109417056
0.08670449195692077
0.11542190480243092
0.20779112110821496
0.16912322716131234
0.1204225973672148
0.2917599578095189
0.11370424540003002
0.26295587315039515
0.17447098484852205
0.37345876579105397
0.10345576479165502
0.16735758610978466
0.16939464543176716
0.18832782658425937
0.253799106627803
0.12258570507848573
0.15366980730254864
0.1253932545733748
0.18966808366809482
0.1792678368669473
0.1153530267840757
0.18693610700463764
0.01784918439511886
0.24929903929820393
0.011732129834604678
0.17954196392898078
0.21259466866184393
0.07137118729099884
-0.06209683398759559
-0.16300127222829178
-0.014791937953807809
-0.12014717492515668
-0.16541389279701302
0.12506454071902187
0.06857399341448528
-0.08383249438716639
-0.3098517601383852
-0.2660297539810775
-0.2333930681101587
-0.12761036655192418
-0.21892490950186275
-0.11117417677028563
-0.1550974101429055
-0.40113681007711455
0.039309796916102174
-0.029164410576676347
0.16078095040965254
-0.12357889832220036
-0.17911390084471346
-0.1675974594822076
-0.0859753725177066
-0.10291630812941116
-0.0992786282329206
0.06947806934165253
-0.12739351763539844
-0.0680364807244638
0.06465358321383084
0.05453024802843421
-0.13473427745646835
0.008907355459830922
0.048399732849206054
-0.06256157753058887
-0.20505504008590214
0.21073489058766753
0.08953219987775661
0.2736517989330983
0.2976718462161282
-0.016028601691597838
0.11009990809857692
0.25881482717476023
0.09358025362593125
0.14281599534024958
0.09115962809105269
0.04402118175251288
0.17835801285963404
0.14872693682137095
0.09583486030277978
0.04201024038149631
0.15597378042094975
-0.042278831035234915
-0.00621441207371376
0.06720093790743686
0.18222135540984127
0.015753889912725583
-0.08915412788677476
0.21504010212734137
0.051941614070142104
0.13845636105779746
-0.16870185965594608
-0.11068863436519512
-0.14952130166423191
0.0894655022916267
0.021995712834821234
-0.07465752070387643
-0.16782496901151955
-0.1135616016200945
0.09913525742855113
0.051839402525540784
0.022327592198849347
0.07601906925135825
-0.14491603979863366
-0.26715974464053527
-0.11768524392628488
-0.134059747458301
-0.1748808364536823
-0.24704243677999557
-0.19779853327501545
-0.2722063227580178
-0.14399855396525474
-0.2429212178277313
-0.22941409220809994
-0.1415707047323474
0.08130652418648417
-0.10028266407769991
-0.06779372813415857
-0.2390560854824657
-0.06155005072650835
0.10644266960425292
-0.08530385341133812
-0.02507911896410866
-0.2256102950816043
-0.043928425990955144
-0.02169590747343124
0.21969224623927508
0.11554726166126807
-0.06626762755941767
0.12553186217301981
-0.11586819355195643
-0.06339983869808946
0.08654511782171599
0.25675437703497506
0.03157856683853473
0.007422418590186136
-0.06804563593652471
0.27160683623691295
0.014936817907497624
0.1570028892398075
-0.00820859825679951
-0.005793770806491433
0.13544421938503376
0.11736706871014241
0.16208004336124543
0.2488670502991951
0.11299721856684534
0.22443379816362008
0.09707510214360571
0.24192433123592247
0.12332900698258298
-0.07733533249852761
-0.04361486166159631
-0.05063192889108117
0.06513697395357636
-0.07016660570070293
-0.02061256742588602
-0.060387977359760404
0.024823292349466442
0.008927100817034912
-0.06763800673897676
-0.06218869814206043
-0.17253198600970657
-0.14713968679651523
0.0037629317279008756
-0.12070763959799208
-0.30359572427861886
-0.06216849455135177
-0.2505831977596648
-0.30198962464537243
-0.1204407551386455
-0.006853506631205389
-0.00196149562470882
-0.04735399701307323
-0.014307192062729221
-0.21076469593053532
-0.18864974114720376
-0.030407746036467176
-0.14193284801490472
0.0616007339526955
-0.1369122104173838
0.011741710540860484
-0.09863979333381895
-0.09990007165883419
-0.197624911693339
-0.16907389080725282
-0.2650842965790234
0.027960896786108913
0.07920692025669203
-0.18375268523271704
-0.07618323012896533
-0.01202238283320016
0.02581932801820092
-0.08047930286820061
0.030919230481407337
0.17939200761444118
0.1580375735384828
0.04833255105251813
0.04362873232307292
-0.004748519051403194
0.23994453712296482
-0.04843869233687734
0.096951685789813
0.04396736414232011
0.02552083938589325
0.17374796495962522
0.07016526993969688
-0.14235848219275238
0.15729264657702494
0.19072681546833617
0.14284482699116463
0.12514726098910756
0.09129928955241509
0.19239051001492347
0.049694211453182896
-0.04463409043626507
-0.022331215316055895
-0.09665836226088385
-0.08561764688420094
-0.05505854407168887
0.037198096397678376
0.0023042300106582495
-0.014470947601830594
-0.04668471385272834
-0.0361633500337026
0.028947554951118407
0.05341826836613017
-0.09780607322022933
0.10292949434409907
-0.0962969338363314
-0.1563989967712284
-0.05899079708281335
-0.1283346868191166
-0.10470113225912261
-0.15519879614407128
-0.18536002322604916
0.03566104567937567
-0.06279727649416231
-0.20191786740757106
-0.049541939311775446
0.05771903574523876
-0.10761302966890356
-0.01341415411716388
-0.18131426686185287
-0.09836212846397685
-0.039047411114473816
-0.028451130340859672
-0.053050301864989796
-0.031683013590963524
-0.012352647121503545
-0.03946145116456991
0.22547080455468
-0.04425000366904057
0.10739518553817273
0.004860017729641598
-0.027836823270104984
0.1879919922753635
0.055534464939892676
0.24131882913101654
-0.014165745190234752
0.07531524204103637
-0.07047641345910326
0.06413711134036407
0.07307939713385612
0.1373679921829637
0.15489979156330175
0.07352974216102985
0.32117222746763746
-0.1221377574604468
-0.006475776201819272
0.020445236404217762
0.07148348010565594
0.13579769920679552
0.12543744107117408
0.17340856940894006
0.08796900360765394
0.11968952149684672
0.2831761648124801
0.005644657235368902
-0.0819107958066297
-0.06734258979845156
-0.1829173987239947
-0.03928399571757614
0.07779305609340491
-0.0018035684303577826
-0.05394801602201646
-0.09461510936093555
0.07588115537172509
-0.037163677552488894
-0.07071379210058087
-0.1147176308955673
-0.10599774531263476
-0.0013772377608796404
-0.08964783051414567
-0.05669243695958648
-0.07794288431873028
0.032535268372655926
-0.19424384283460316
-0.10074314729540615
-0.14269456866441743
-0.21689114851285762
-0.061509004762566405
-0.1400463580104399
-0.1453791231878456
-0.052695606270396905
-0.08286635833756352
0.03863400126753128
-0.00895773863598992
0.03368878019477605
0.13935431579247606
0.07666327191184755
0.02549927642088313
-0.05070917782086836
0.025910000871227603
0.06995289849766005
0.000795867646306115
-0.09344743824095629
0.002273627065097133
0.16923867273487442
-0.06086626302699282
0.06082001957449782
0.13274250004251487
0.07744075288515742
0.15152435334227501
0.11442138560118105
0.12138876105447188
-0.0010759926688142796
-0.011476769645029306
0.05883099061861784
-0.0992279909694783
0.2281532783551593
0.02249704757015694
-0.040253681620841475
0.0714793560630628
0.05088837039022193
0.20137488513106191
0.13106761092534688
-0.016890219895912405
-0.050065089332253634
0.23827849408206728
0.02617123414650646
-0.0414999870472299
0.13618331627165156
-0.020580380256996857
-0.025601830341028392
0.1189606843584422
0.038047936640670986
0.0031232066764465584
0.12717592259245666
0.07313057099281813
-0.022700205323424965
-0.02559372756959696
-0.15856440472080388
-0.021125934782157005
-0.160128863959976
0.1235054194679597
-0.11710240711930206
0.007852758080832828
-0.06940062349826506
-0.08718520266128524
0.03494047820186137
-0.07697784598063057
-0.21969167262211572
-0.07468573371049114
-0.09687395189556222
0.2172458166195475
-0.10942568684650691
-0.07035690138166148
0.09076434529458288
-0.007944359619504016
