0.040685517734998136
0.015787769368324267
-0.014402315776427135
0.0032222931525462584
0.010872873883856287
-0.02349810640220106
-0.03696422685642769
-0.04457002656734599
0.004696881631321825
-0.04844269426363611
-0.006546819616847581
-0.02980133833946557
0.059490210780893685
-0.005959890842829495
-0.006160589126466362
-0.022188720235570624
0.04380501768224731
0.008991966336822643
-0.02860816881201103
-0.054024155186513594
0.042085652508032756
0.03524660870258406
-0.0017927777402103721
-0.011943148516281336
-0.019763845758324534
-0.05677459635127875
0.02125868940061302
-0.006416625413910662
0.006376286294703484
0.002386963261664063
-0.061071145164130786
-0.015650304180089603
0.07942523278879653
-0.03056413719963256
-0.02048875372537354
0.03887160013496437
0.027587567895064898
0.022558980965452856
0.041737125637018924
0.024517540390380593
0.006978829329296784
0.03888711766549098
0.04393213385701551
-0.008818587080555107
-0.016622179924022328
-0.06817199184687471
-0.05051898181677644
0.02349405436920251
0.04194887072892177
-0.0014524787588712281
-0.05902861588549369
0.07129899110264815
0.00250186959152739
0.01213780478408269
0.033106157405743616
0.00368831146016643
0.02823649118463418
-0.032088603709474764
-0.00919712693825471
-0.003910873311538613
0.01892967869691222
-0.05796173276694505
-0.040915672924982834
-0.007449716075679083
-0.022785504311742453
0.03156570134124903
-0.025684823078601714
-0.0419960967186112
-0.008837952431352714
0.031884203311194834
-0.01437759574588672
0.059356540056718615
-0.011175251952761363
-0.008440201501708586
0.04548223594431939
-0.018385772638762534
0.0007403763222576813
0.04261176413040358
-0.013401150911062708
0.006009255633607616
0.001960803608509528
-0.031260769906694505
-0.0008563481311803783
0.0009369179143124469
-0.037017896125069
-0.026690969467198733
-0.051601561610667285
0.024525067710237755
0.022677649569312664
-0.015526511565926831
-0.0032641048679190013
-0.0036731350606638217
0.050916122388605295
-0.01953810120892009
0.0020990721504089063
-0.0032658062492566067
0.025098158148270325
0.01912718943324026
-0.0014299066374984719
0.025315188993543052
-0.021461848712623438
0.008943872391439824
-0.0006106666128686859
-0.0399187345968009
0.0544515377499743
-0.03502459439481867
-0.007978066533224007
0.027818679454485806
-0.012868108867979873
-0.011054196528161005
0.0005880991382412755
0.01011522698012114
-0.03390931822074161
-0.04632378431060403
-0.009726324968314798
-0.001742700410378694
0.046441991203694445
0.017139470421570744
-0.018095260382968083
0.010573572174712439
0.02407294925277343
0.022933927107190343
-0.02216962550751625
0.060021839725214736
0.026647301881025254
0.01484393778718372
-0.036563617801861695
-0.050777493401617524
0.0047265360396867755
0.013581413352771285
0.03588341745154051
-0.021955391523330866
-0.05293381327178244
-0.009607062301131819
-0.014943603655031498
0.005293567588476573
0.014524421022861228
-0.06607284142178682
0.004035073829830531
-0.026425850382078283
0.03626108685010071
-5.040354336561406e-05
-0.007990733708097353
-0.005737233982103244
0.002381972454649037
0.012283306004365398
0.05205274892090415
0.003982538729166644
0.014377565224613616
0.03234431779581447
-0.01868512843917122
0.01813558357098916
-0.043095752324460085
0.01799815391709839
0.004415589845135677
0.02351148101017143
0.01494445712440862
0.0014788663847734944
-0.059994101935677835
-0.005809792328534545
0.0157923641458995
0.004349712271702754
0.03121913983881105
0.033816012012545034
-0.013857435939551329
0.018657719124681112
0.007829327718831089
-0.07347571886519051
-0.00781457157331912
0.013413065223355237
-0.06299975623865246
0.03094877378232472
-0.011040333575366473
-0.014577100502501454
-0.05731300828072822
0.009443770188772927
0.045792473592036004
0.036743474124100964
-0.017212740603858967
0.003716198729528701
-0.019802184669044345
0.018951387190358306
0.03791781727438554
-0.025375807125968194
0.033583784947698675
0.05295986783101958
0.012459995238654804
0.016604823271542862
-0.029255973003699854
-0.018823348739729764
-0.0014353006687479774
-0.02385954151235773
0.017656324224550008
0.020087244613077176
0.005293245818329519
-0.0665577221039355
-0.00402001970510512
0.0078031498305425094
0.009645553975391618
-0.025715150416199706
0.038187813353130644
0.02913139852586776
-0.04737120803616269
0.0014142212978342152
-0.009912333565468038
-0.006651085274793516
-0.000952441855742041
0.031155558087744388
0.010306084649397865
0.016673915363477534
-0.010859944488118117
0.012965642099994509
-0.02543383251755695
0.02103392211169624
0.018359065729969457
-0.04414314799234817
-0.010980180707613193
0.01174357831783471
0.03088124192063749
0.0429270634360367
0.03511885202967011
0.026088697257324826
0.023783541403961078
0.04774393692429949
-0.02564929540171473
0.037968694383271336
-0.05050400771385761
0.014747168412092275
0.022563569457889072
0.0526444001517969
0.01580329021535644
-0.02117045087245856
-0.00836978622415818
0.017011777883295075
0.02981555440194104
-0.028882072934412018
0.0026542033004954904
-0.014041751004778774
-0.015404708824547047
0.008262535196332806
-0.011048063143162846
-0.017260526992681314
0.005569674062965045
0.008079912629227479
-0.025314035889191566
0.00862348536846512
0.011075418592744812
-0.014919895243895745
-0.009172786394850335
-0.033193034773223565
0.0026469533966977377
0.007362600493849893
0.0014516135658028649
0.014276968232823223
-0.0069907875914207145
-0.024939826482090918
-0.016472295556208088
0.022331395062817522
-0.01747030560890659
0.0018766718576301749
-0.005253593292325395
0.030491216922704772
0.03383036661695966
-0.02485572500394374
0.037596136553445146
0.004006237020133781
-0.03318121911372419
-0.0029960018309280806
-0.023007642873415352
-0.007490520616263779
0.026696393753336715
-0.05312380017960895
-0.027157005644600708
-0.03426103309653209
0.021314049106655054
0.016281744529207883
0.007511206130265037
-0.026258686136414452
5.160221663065701e-05
0.001324975368821361
-0.007682534907697294
0.04613333765338669
-0.04977554582805314
-0.01044656078713745
-0.06436736181303032
0.006621299678261275
0.02804674230722312
-0.0342822493005572
-0.02930703947827168
-0.0539054855976426
-0.05787506020340976
0.006947071193783769
0.008090714112296928
-0.0005166830274244406
0.013359573071640353
0.029056515874602527
0.028403349555060308
-0.046564842620969646
-0.024200983518027217
-0.016845355859760856
0.7585508424924091
0.7325952972842866
0.6723493751210279
0.7864516971249247
0.7719760315787711
0.9809952997397778
0.830963342841668
0.9314491208208058
0.9025973257414237
0.9867310080300423
0.8485362095523719
0.8791111023616921
0.7502711337073666
0.9297059621241859
0.5642098970842431
0.6477454960953759
0.45505314555996956
0.4786164561975889
0.45213793128675983
0.36150806877208935
0.253115420095512
0.2346047353991959
0.3328133649772372
0.2235133017956938
0.06943823044876633
0.0026193065796272647
-0.11373079748794472
-0.17969959112338765
-0.29300662723139215
-0.44713700651584193
-0.3345809322740047
-0.4927845532651804
-0.48479316948091644
-0.4475390310162692
-0.7049054749883039
-0.6129137443619128
-0.4261298262895693
-0.5405470421140066
-0.7365905713203007
-0.8624856575967641
-0.7384370236388709
-0.6146807850725757
-0.6511923340167892
-0.618779080927809
-0.8117768306161022
-0.7542167492120503
-0.6657587754278989
-0.4994950520207868
-0.39321114013835623
-0.31519818223276774
-0.3418840529943467
-0.3497357528107716
-0.14327421847579358
-0.09993928466852109
-0.3206008563075795
-0.14052217450955587
0.048517176644813115
-0.12271386805963883
0.07957081567085264
0.43233619242525
0.3863407967819353
0.008601727991832453
0.23688845679335122
0.30808995574603437
0.4483365158401044
0.34214736038940474
0.4100945164307912
0.46413681767076714
0.4154082179174075
0.5258437648294707
0.4869258003807367
0.2198790269651879
0.6362733126827282
0.32737730841455603
0.46521990948870195
0.424309900156722
0.3985221243215471
0.36251204707851664
0.5175861797838415
0.4754866355876616
0.12217109197502646
0.061134396082718395
0.14780471395276062
0.2814951815303024
0.1811674687429518
0.11775521984117007
0.08766983022350172
0.11630567359203599
-0.032274894279125395
-0.006411312901494298
-0.13049892767325116
-0.04701461717993287
-0.13649545278890773
-0.1597027682661569
-0.27683923632931456
-0.2911214547317989
-0.25786381819827214
-0.5331986221836995
-0.40326509840048247
-0.4153545873624938
-0.333598965641701
-0.3184723478695354
-0.32819852328354826
-0.32769745891472846
-0.4453503396904852
-0.3359232327890168
-0.22227088293003522
-0.3474036544957379
-0.3396431236090593
-0.45019770215548105
-0.1725519317032242
-0.04163497057277929
-0.22834070670122258
-0.1713873006501845
-0.15276892153527094
-0.10300618666005948
0.07979401495601433
0.038368097983522656
0.06496569868376087
0.019679901326761656
-0.029971982391625268
0.12277924822346638
0.06012136678971816
0.2960297336069355
-0.054074766185203904
0.1031382916243194
0.14931175617316322
0.37464650530868476
0.14912389794722639
0.2542354937427748
0.1586653981782708
0.21207450251271348
0.138801970302187
0.43944001026894963
0.35580358316358485
0.31051237932065273
0.361550001918759
0.32549926256912853
0.22957941384441802
0.20165682496069848
0.1680043320660901
0.25926326103200725
0.22779972009459729
0.00773123842383952
0.26074202291737847
0.17984232292017405
0.13993053275258138
0.14119439427935918
0.17502692134436876
0.05270181096928644
-0.006174183125177174
-0.023851504326943742
-0.13036845412109413
-0.22374548003066458
0.007616656371967692
-0.31891408562227774
-0.03412056241903609
-0.10546176201661266
-0.28235403729396946
-0.16762463988022838
-0.31523004470229893
-0.2309185153861621
-0.18099247824481002
-0.25643868459646724
-0.11157344539144959
-0.21496508658867713
-0.23396570312744525
-0.10840295066532193
-0.17252212578275267
-0.321732023412927
-0.21321836031029293
-0.1798404721853395
-0.22139131379252094
-0.12855592085594622
-0.07089856211257517
-0.17551590803051725
-0.07940789666721688
-0.08859758368684549
-0.1311724281435033
-0.10233760104527481
-0.08319550289828435
0.047961548660803745
-0.2003425248595992
0.11455107686808974
-0.011490541862090323
0.00116489117676543
0.02404270452849968
0.1143621411982478
0.10783170680676331
0.183205652460178
-0.02317941693018731
0.20432591804063546
-0.021517041125160202
0.303640152943658
0.10271674219101966
-0.003015880139765309
0.0662431097153519
0.053598209681424425
0.23943384815728275
0.2751725005459677
0.2114755532304261
0.14418027198244207
0.08264896827466
0.07326232650960475
0.11310807489236235
-0.06284614300163732
-0.03913603334830135
-0.07197453063057825
0.038625573817437364
0.022972213111633624
0.0953332387969818
0.04627366942504775
0.03546792553494335
0.035736296527582645
-0.03202440090102762
0.05144728719772926
-0.05582598702085931
-0.0943363820248913
-0.04085600608111231
-0.16220630775849182
-0.17512693558939413
-0.052262793253002156
-0.15741207934006488
0.0762859589511133
-0.08198863364113776
-0.10465527181767739
-0.10372360801944423
0.009103130685300193
-0.09587625388454075
0.07752769292092501
-0.1264351859892585
-0.06944899858263079
-0.08771294462274873
-0.009009714086622017
-0.1326663217573953
0.04688147338518793
0.02174217397229769
-0.06219180145613292
-0.014154287694128909
0.026831033352803575
0.07919785436737052
-0.11638000168539006
-0.0818272582598373
0.028756333523521346
-0.021224199948482278
0.24078353881520043
0.13149027932790855
-0.1293284645545894
0.14101554965338833
0.020830377030436737
0.1760334864867953
-0.07851965133175626
0.008707772798426001
0.14104765903487015
0.06140730106906368
0.08722544663882596
0.10805118929107246
0.006851155229540773
0.15819691543103404
0.14011406688141426
0.09795544335115161
-0.1602795236734912
0.024437867703656677
0.013432476187563977
0.14413068459206063
-0.12873923384470912
0.0334435566466643
0.04708794890278844
0.0579820967451785
0.1321509745986614
-0.020172185601893114
0.06578300837344928
0.12738060969084036
0.06371606274872771
0.07512869731800557
0.06105064844760576
0.0373796062919196
-0.06974183061813603
0.021654844845180307
0.05028161049701579
0.020979763183119744
0.012595397694589918
-0.11525048285959467
0.09727176946644608
-0.1953968409849102
-0.1358747133723449
0.012377209857193601
0.025252544636206742
-0.0003397001608355793
0.09823512141551133
0.08837247894289066
-0.013822499583537866
-0.11731703453370536
-0.012764182874025413
-0.03258554609473387
-0.07880979263228433
0.059012845690950076
-0.018426611690023603
-0.056465626882145986
-0.17366889482285716
-0.07368811799256643
-0.015182323562483252
0.1110067657670522
-0.0003219361642168121
0.14884037717481893
-0.07125317958307698
0.06849450660021242
0.06929073441594542
0.12690474528763718
-0.1029123615036016
-0.12074738174281806
-0.10020388997045694
-0.033192905787404796
-0.0006847906785725499
0.04844460521146578
0.10455442370776127
0.1510743803869158
-0.033602988848968
0.08296385264499001
0.0644168404344076
-0.04211199920052576
0.09631978667917669
0.1760425777101741
0.2797789543370542
0.15805059975760813
0.19892937064066532
0.1864037696902981
0.1406477657169401
0.12672534743398475
0.07619871409538403
-0.09103038745643262
-0.04848891470533451
-0.024132476905631445
-0.01941450203497019
-0.06266271192337959
-0.03409054173804894
-0.06265388527652416
0.23077981921667676
0.17215703723348927
-0.07799827203308538
-0.02821384295699066
-0.047048883679071035
0.04611630793721483
-0.008734980126519677
0.013369065991102408
-0.026001080022613882
0.010387731369210153
-0.08902788081085405
-0.07507787744774136
-0.25230369356687204
-0.09236059795326818
-0.00534073914942703
-0.021851706814440656
-0.11325951984997815
-0.029260461163519033
0.008712411799182782
-0.06301871091348835
-0.05880148604524952
-0.1378501169501217
-0.06312008920441464
0.08040282271341115
0.0601755974844382
-0.15010668266993574
0.06281776573416115
0.12129078473674705
0.04666025096539965
0.02785454607075006
-0.0906190334285466
-0.08144274909067613
-0.16559880915554367
-0.030915262317815044
0.015374232362454117
-0.04415273540164298
-0.11603392568423934
-0.010131284619480192
0.04788164953852281
0.027660236239051825
0.09870678238614612
0.0845507456560987
0.08226707764944434
0.019304188066892092
-0.09892081752661423
-0.06537654245651071
0.04860027150185493
-0.04179849448279123
-0.04559068005611691
-0.06518694530455893
-0.024743727544060724
-0.01553126151184614
-0.07817787233991508
-0.10697119389007066
-0.022557081226637465
0.03374398350480218
-0.0178444660925259
0.06761423379628517
0.176001734327208
0.0696181820931059
0.07788822212603841
-0.10567773429774957
-0.006021247902451295
0.1608156848864453
0.051918296094523156
-0.1677552478162785
-0.02596449537834402
0.08095231558593846
-0.07784303045382494
0.06835329114994207
0.034289710435232115
0.07136209309997767
-0.16021487975204834
0.16947919859793467
-0.13022283108635535
0.07107767250956959
0.003238183976475236
-0.12596785005892086
0.1289910449246171
0.08227875079195927
-0.08708178530074193
-0.04985936680084538
-0.12056711589411037
-0.025985369974852762
-0.05076149431058802
0.07347547975871713
-0.08227709275134597
0.04795955051717252
-0.22898963013815624
-0.04241557470274677
-0.11691327981692762
-0.0777570160115246
0.07983763364805561
-0.03262165863595111
-0.05885760179904308
-0.10132273608648319
0.013659319613244493
-0.05560444964004657
-0.19076067644691064
-0.06768178030586453
-0.033405900056535445
0.000614587956824935
-0.004464951403769601
-0.24365836755559056
-0.020620645189721606
0.04933519910807617
-0.31869099869661793
0.04432368244070602
-0.11930296319989342
0.08687264061124184
0.053074796405508405
0.07466457539915218
0.014709120148329778
0.08737635812084077
0.06796658100317304
0.19450545070678393
-0.012174941461236873
-0.03455955314423981
-0.144377041568569
-0.16498984889475646
-0.01631951581076903
0.019324696047703243
0.12075646327336734
0.14583641263561192
-0.16937955424882845
0.01210358253688569
0.06257853092817159
0.09973520615203169
-0.07045289362161909
0.010427730774852834
0.15973045409835385
-0.12936269723934132
0.04932169054751591
-0.029189372838954987
-0.020958121663811703
-0.15648979779822694
-0.03257156519228746
-0.15341801412449876
0.02040237717207303
-0.061960328808053425
-0.0637811412732009
-0.04638067103532995
0.06194596481501724
-0.14844742536584155
0.16872096708604178
-0.02448625018104856
-0.07430107198290158
-0.11525396587325058
-0.07044793980588548
-0.06086627290591091
-0.10695591164512358
0.014268223987096238
-0.15293137340909016
-0.022361674338905683
0.07297452837401815
0.14803526584289775
0.019096708846250973
0.0011247031786537347
0.020981822085426215
-0.05861822252024488
0.02589493686944579
0.21523973593313775
0.06545712286598172
-0.009947172350495949
0.010068741820479125
0.031947630020073
-0.06304849221443438
-0.09918350050855397
0.06047682810726923
-0.13671926956972533
-0.0064242398204235876
-0.07054784243362448
-0.038506255433842715
-0.002137687491081752
0.05298758546978394
-0.08271642099989139
-0.07778316209106899
0.04142723734258892
0.012385710518604846
0.06393735262219055
0.0080501211216194
0.03603045073969321
0.015378677405903996
-0.020459369347883807
0.010601280788740407
0.03531414279012678
0.019348876640804383
0.08029695983349826
-0.02511457989684382
0.00886876862573132
-0.10134340252377927
0.01979198165820474
0.04932129648873958
0.0032369228009116527
2.3174661580203336e-05
0.05125484555659974
0.0354897514580316
-0.0014220039704749684
0.0031783066164958896
-0.026248344700962573
-0.001159384050812115
-0.005875391192272679
-0.05232095308023152
-0.024548225780931875
-0.06717865840513847
0.007315992740824399
-0.12690180050449376
0.04772915799612426
0.01875768763080865
0.013716546748419937
-0.004845013690245413
-0.08095741691266897
-0.10307210397999567
-0.03479460698829553
0.1171786735156964
-0.04628106157058985
-0.012050680228226132
-0.09410659167793825
-0.009192849920605305
0.048461743767594996
-0.010740962981404955
-0.024843155114978765
-0.08289976092980579
0.023915103585301065
-0.015110711507046529
-0.008647704438538748
0.014730269478817441
0.05766818444462077
-0.006686753925584696
-0.09944038768021968
-0.052356104823073846
-0.007091927130507367
-0.04242025288716207
-0.027596837547776504
0.011906396709448631
-0.035951208877994814
-0.026717925763101554
0.03059429332845834
-0.056669304273690324
0.03602775543733849
0.049057485335828876
-0.0031643525166213265
-0.044610115244210935
-0.04326106976518076
0.05103068365292157
-0.05229073293707202
0.08264351288812816
-0.0065082052596789845
0.027830380779820425
0.029936831899580775
-0.04438980965734812
0.004328214870206448
-0.10146485077816499
-0.04455498953604519
-0.03701423158834509
0.026080375601881325
0.043296037166102225
0.06272720456415103
-0.0027998611515136825
0.01081574802799329
0.09477524189083904
0.10716711488556437
-0.016160209901504387
-0.040983418778450416
0.0799562730014761
0.006903306634423953
-0.03153814081524309
0.004888053317805973
0.05102808862544174
0.04778318144762826
-0.045630117266558065
0.049263668605428516
-0.04433451826053639
0.028320160917393995
0.01180129650508495
0.019094571953602712
0.05850997662397395
0.09079649243076172
-0.04277403879091233
0.023714076954057903
-0.10635572991724454
0.03284716807015466
-0.0801439946069866
0.05710354998051355
0.013465584194918466
0.005292302932779143
0.09229995790491932
-0.015680618216387637
0.016137258348640583
0.03507894679838441
-0.011064264378079225
0.02902733806715145
-0.053370960419154345
-0.0003920541130529079
0.07179787424210071
-0.05773978933861351
-0.06335001537975622
0.05972681555585768
0.030723369940246905
-0.024680778226952974
0.00857259129609928
0.10911330172233294
0.04858423034662212
0.028324737723722723
-0.021687395268051024
-0.03013009022555014
-0.04951699411313859
0.026775403272479237
0.05064412360012708
0.005063966187653725
0.06908084378266877
0.026522366839698032
-0.050639021083073436
-0.015295882092444299
0.017470523450903816
0.07315296753211047
-0.021625158084183072
-0.06262182010111736
0.019162575048170673
0.03133563917594783
0.013663981075025138
-0.03383638345369448
-0.06552766866496013
-0.032527208543412095
-0.11365545815083551
-0.005859999360085655
-0.034141732472944886
0.020135437947193146
-0.02251864990504515
0.020817188490092085
-0.07096406961878264
-0.01026752543814628
-0.0759232217024542
0.051637709354943696
-0.09301604199294516
0.04756798836835573
0.016794403915294364
0.026991828555231835
-0.052242082694640125
0.004223139446972074
-0.009576711597045443
0.013429908032260244
0.003309803629316122
-0.010936186893849863
0.0201271030960403
0.03794637301047618
-0.028380578558450678
-0.04377233659964961
-0.008710654165341213
-0.0005325830172745776
-0.030810703705604722
-0.01739544640475468
0.01837197644838796
0.11762524248349178
-0.09191292974640915
-0.03195460420122203
-0.05482204379843754
0.06507419619034428
0.11043741812443374
0.039797753547569176
0.08965572555673884
0.05026789301269157
0.09287024371909869
0.03845068584430553
0.011156064218336805
0.1350125472263597
0.09555289234529958
0.02297500130584859
-0.011479140149794696
0.04418192993057991
-0.05084318324953552
-0.028774082754992953
0.07081816530595945
0.09200086500761027
-0.11069816676896858
0.06320467649568894
0.06406317617897346
0.015315706475094372
-0.050649491947897585
-0.013234657181916376
0.010609050048406387
-0.03927382098131148
0.029473738248946044
0.027597607366914714
0.10948504299686097
-0.18548772809216682
0.0631048377544312
0.029952485694566707
0.13243237778424521
0.03922573141925512
0.07253544288073818
-0.03811080481080377
-0.013723639506994399
0.068222426196208
-0.02301451547985296
0.07898107553346852
-0.05580806746376128
0.028463529910597325
-0.037525311687144465
-0.010814617354668654
-0.04190544889169094
0.030573050158680472
-0.050979659963157065
-0.08369532291432567
-0.059417402339051364
-0.02889895293276114
0.07630627148970306
-0.11004730548333841
-0.08320968854710863
-0.06548577708641898
-0.04153041760757398
0.019118850298755322
-0.034877297983154476
-0.007883892608566877
0.059191890994934916
-0.0051894091795864
0.002831244031052779
0.09750618361821795
-0.09331385936536968
-0.06408406582497209
0.0021783632096311558
-0.022404065019231995
-0.008357891267903178
-0.016173765653043945
-0.05250349029330825
0.003078741596002462
-0.037651777900609466
-0.08401147901890757
-0.02450604710658047
0.04919115445803988
-0.06635553437829059
-0.0008643900369990567
0.025579128811286996
0.04785536020346512
0.012870379609950064
0.01670584562662193
0.014511788763450748
0.09184831539432875
-0.05446856584711396
-0.07751246137864123
0.061537088123846465
0.07560935806543613
0.036402331584259415
0.06036202227384344
-0.016604768379295542
0.07951946764129615
-0.011865745205385289
0.06821021717212623
-0.17292511574996747
0.025999238101377706
-0.05251726107446952
0.13053933418520777
-0.05714155957113059
-0.03364186848893216
-0.06084651826261224
0.020113937623237654
0.008031215729553388
-0.061294281820830146
-0.06295040334100659
0.03352741289105495
0.027668135619511893
0.07083598682796367
0.025804806365001095
2.8977902935217226
3.122768056802248
2.8519336398588386
3.05957775990676
2.806114476667769
2.5483994747885115
2.8343214257668996
2.4125467034300643
2.485819296057542
2.324372002626337
2.15451457178663
2.106197877081602
2.006290609029494
1.8144652483558632
2.0101395532854247
1.9262825017924015
1.618923821979689
1.472751531678532
1.4378825342241903
1.1636735564469123
1.137438289260787
0.9139897332803559
0.8648631062072468
0.7266059779530314
0.6030912036927192
0.5954618436355764
0.37140371130410665
0.12014590142182095
0.036908162422132434
0.10595110901697057
-0.32725230130662547
-0.148608845215525
-0.427345641779526
-0.5913554557577647
-0.6295034745159771
-0.8637133178993027
-0.9311784791110572
-0.9699134295867536
-1.0579031041224882
-1.1891032118241993
-1.4147340438944251
-1.5619168205706113
-1.6925344499465567
-1.678341024691597
-1.4813834336544434
-1.6194385207785438
-1.9657145955845072
-2.056194959255263
-1.944908307760793
-2.057656861425549
-2.0553543702068398
-2.1584988532909173
-2.242142826353907
-2.2854097581190596
-2.2273326400459297
-2.2375564902508724
-2.2613705110968527
-2.3475927418746787
-2.2577240473091025
-2.1848577658432444
-2.2638898869460156
-2.2109121781139933
-2.2577393011123568
-2.2556460596456382
-2.140765810403379
-2.1109904127375843
-2.2030489786970895
-2.0458232302968073
-1.8219103486094235
-1.8528979210215926
-1.5911439300389218
-1.8168259066375907
-1.8715543911667236
-1.6579530374365372
-1.6992206141580664
-1.3594985995729294
-1.47412946673607
-1.2592430986710035
-1.2954607535043283
-1.3732393188913021
-1.129829686502301
-1.1292669368908437
-0.9926458131860695
-0.8009095202387635
-0.7265650500202827
-0.5134308853777313
-0.4685502926816743
-0.32528233277187
-0.4883543584581538
-0.2588698137359368
-0.2924006283067453
0.021152526067962463
0.14365939566923316
0.13382905968646192
0.2566581724790526
0.2368302858817355
0.6046014913713631
0.6941633131033647
0.6007923641355529
0.6489523416619843
0.7767206510988278
0.8405805852946014
1.0390559021251256
0.9918073218652381
0.990665329112502
0.9573771456195236
1.0778392818257418
1.3142434856449687
1.2761299180287689
1.3194906325524445
1.4726943580150393
1.4323656766311579
1.5508512361705704
1.5733755899224995
1.707182329834509
1.580403086752321
1.6320145574372236
1.6076965295032126
1.6396197926120817
1.595257294671839
1.681188705269694
1.3568811179462021
1.5199860723182828
1.5671953406993475
1.5702926900316974
1.5356317435881275
1.6097791541068394
1.5356008229133487
1.5085978143464012
1.476463671563467
1.542382087587971
1.5260945459553557
1.399282269269215
1.3773631674620526
1.2828316707345742
1.2880864377570553
1.2503090188039179
0.985002219269826
1.1993720888906467
1.0716793109526423
0.8524005201884547
0.8350803951558112
0.7192263655806072
0.7561666935076505
0.855422164308032
0.6899569317289543
0.7315605997557674
0.6060329390882878
0.4299444218229088
0.49584093755268766
0.36880427276819516
0.22237871712011928
0.11973378290920707
-0.14650277266828557
0.06746890252360002
-0.21423849019059715
-0.16935669943768153
-0.25902693708767643
-0.15944963013375152
-0.5252144659626949
-0.32258459227433384
-0.4967837700147762
-0.5736275030669346
-0.49735959498757304
-0.6229437398132438
-0.7280370508674119
-0.741912515673074
-0.6485090958938065
-0.64832193405719
-0.8151236423299189
-0.9911809400149741
-0.9979384067182915
-0.8067796704971142
-1.0167509151145044
-0.9906726642032877
-1.181958103785671
-1.1464987232436008
-1.1460561859851401
-1.1965314896306758
-1.2244338070061935
-1.164105984114413
-1.2628063681800805
-1.2620903150115288
-1.1228077075442424
-1.5017214319266727
-1.2578874164381377
-1.1836387469357368
-1.2035762641564607
-1.0417976903058392
-1.071902890087302
-1.015222756113052
-1.001549930919451
-1.0669173311771742
-1.1039234959522515
-1.0575088580880165
-1.1649872195471103
-0.9800718643452693
-0.8377755847409853
-0.8589284829735832
-0.9662771856759107
-0.6346293129998946
-0.8510119119954913
-0.6798770485683046
-0.70683627569423
-0.579316100963017
-0.5211670461067146
-0.5504815680059153
-0.4805855602432938
-0.390328170784899
-0.221452813049278
-0.3613311483087117
-0.2797684997013178
-0.24179123206337602
-0.14461992607793867
-0.013666497630067304
-0.23172393707099725
0.013403719547656956
-0.047619348411398546
0.008726219966796608
0.045880061480344334
0.18321656278730525
0.4163928599267379
0.2960582358377704
0.324197764267544
0.4329796358945277
0.47086807514988654
0.4530825184091375
0.4954871232847823
0.8009053706855664
0.5898480167670952
0.5030138745132829
0.5318942822415162
0.5095820216254514
0.7861045999270496
0.7886590519915111
0.7587306214951454
0.7453445597735255
0.7876261295443882
0.8149987075824778
0.6893911839574193
0.7485470607702619
1.0200569451813848
0.9285972898311015
0.7999206854111608
1.154296461240169
0.9353700342185213
0.9255608185601363
0.8295441579647644
0.7502989985244141
0.85598290240417
0.9276995415470575
0.8259679651360808
0.8697246005605198
0.8770072822532651
0.8763337054837743
0.9038228254959543
0.5526638708113426
0.8240938796997819
0.6704578061734732
0.5500590602120418
0.7723660242324627
0.6791220215557414
0.6286359128305757
0.643530983347364
0.5579916097192038
0.506775834294992
0.3675698684573677
0.5393599604544079
0.3834262503314141
0.33388088438265384
0.4107233165685632
0.26740089421576024
0.3846370367518455
0.26069996257005557
0.30869441023408534
0.12030943116594087
0.24329251407168465
-0.006709370526050487
0.11184583369661726
0.05355671857872355
-0.06930641110535486
-0.12772364572103315
-0.12473465365565661
-0.07655787960683948
-0.1763570396257804
-0.37289236554375205
-0.3719232444425038
-0.12006461832789492
-0.296172223264871
-0.30352427403609483
-0.5257677484299613
-0.42187426655035537
-0.49645710330768905
-0.43103927730485986
-0.33206366337133575
-0.5972087744338829
-0.6323543637241194
-0.4654455188919243
-0.7479694423773999
-0.5344630787071835
-0.4352187548886441
-0.5677313035598112
-0.7841860221653325
-0.6423994586781163
-0.5485157948847068
-0.7788123756076217
-0.5627137493528005
-0.5931243830345527
-0.5388186623021352
-0.5368138856230575
-0.5785087720928682
-0.6928690560548711
-0.6359390619913755
-0.5781432746026304
-0.6928143882557889
-0.6254012566859012
-0.5838493798168296
-0.31211091863564416
-0.7106219203875054
-0.5872774577832807
-0.6355684764301026
-0.5798636276038059
-0.5456477426083627
-0.5566431143864166
-0.5128298740352495
-0.6382743772191952
-0.46008454172270785
-0.4366739874604118
-0.3525569677839304
-0.31074360996290756
-0.5322820358060336
-0.33841981517262126
-0.3000430324250095
-0.214319685249047
-0.13951276229512977
-0.2627238978394918
-0.16028900031785523
-0.22898220172221262
-0.10624327163673195
-0.14807365756249113
-0.14856547852028168
-0.05175684049320047
0.22835352557896482
-0.12107116065120649
0.029471953286824355
0.18565299086592035
-0.005486560650702257
0.09083183930464582
-0.03824878574602103
0.2396649195632787
0.06609447225642132
0.16163774762461386
0.24134924079535117
0.16052798232787086
0.352826961929209
0.3397428989070601
0.283093583476405
0.438480073139509
0.18839476341710132
0.4158371142373011
0.4238184103869532
0.3701868863247687
0.37297083105875356
0.41265234424226416
0.31220710984826183
0.4399262089582834
0.48031644207178487
0.44827659899253547
0.5770547689468055
0.5146990469048739
0.5078350966061925
0.4160109735616362
0.6687677538066896
0.39555669659599063
0.35327687127074325
0.5425312135015858
0.3654443776732961
0.4612313031137443
0.4289692270155162
0.33719784071214154
0.5683553416447509
0.27505300095158924
0.35642459835077034
0.3283136349404892
0.3860050011018828
0.4356271615347001
0.4598915151066771
0.35356890042829775
0.2527869549142372
0.29206983508782347
0.3141476706693289
0.29356202199335635
0.19090039407165824
0.34989778506422375
0.20341375790634825
0.17898768116842234
0.33373438859567683
0.1811694328900512
0.19350224945764566
0.1647145706481416
0.11597958288369237
0.06600630735697863
-0.06665048588584416
0.14402942259326315
-0.09349067069511464
0.07196573469918358
-0.10523089075111626
-0.009658597534437013
0.08388585082456465
-0.2704789250694406
-0.17790890271142817
-0.10422996095410746
-0.03193700687001351
-0.39553373193254904
-0.11490237549658192
-0.058080633994381126
-0.2351119469866546
-0.1314157476111016
-0.1827160076699914
-0.22028487705808558
-0.19398778896639418
-0.17639983504844253
-0.3931163412975109
-0.20020848747805073
-0.17870444583345868
-0.27738633516982514
-0.41914249761233674
-0.2665820514382178
-0.1349466706075046
-0.38207477988425875
-0.28766797761154367
-0.25109332995275335
-0.2185535989443832
-0.19322524987271159
-0.42346198113235156
-0.26512547192767166
-0.34302789369532444
-0.3833809557325401
-0.4083349768644346
-0.1862701950458643
-0.12479831293460686
-0.4774026445686209
-0.17616288515679285
-0.3214383210697231
-0.26993751333556076
-0.21983606776093761
-0.3142777993341149
-0.2535749221005765
-0.3036906674585093
-0.22135702074986052
-0.20091670743985987
-0.24537243651643623
-0.23299643101087453
-0.30069353123424225
-0.23082908899698606
-0.21773589486917877
-0.1493184322335872
-0.2690821827334268
-0.22351606021529025
-0.19521948129216982
-0.22676311183815026
-0.3030667245188496
-0.038980349001558875
-0.028256198615123733
-0.1588589574265002
-0.14362645719224001
-0.05809368958463229
0.03038116527924584
0.029023295232816767
-0.20981389925561625
-0.009817440616167603
-0.010859242670136729
0.20552676022721272
-0.08521174757185411
-0.061310595230367096
0.1236636964809069
0.2490160560671218
0.16534728925317752
0.18650033603600347
-0.0024324183493559803
0.09644884686426601
0.1824083692559763
0.10649862310376637
0.23925951804194584
0.18268390863235762
0.29631181016799446
0.26818020337315795
0.3357904095775551
0.3494912570237141
0.20134269030327406
-0.010657577242859456
0.3016881618400112
0.2980068784427598
0.2575038065049688
0.18043289593510708
0.12437816153302617
0.20066827304565335
0.36854939948819954
0.24437157606395943
0.2904008155121096
0.2825375627725622
0.399244378681302
0.2998095377353194
0.34553693566259464
0.20372893328859426
0.3938502236391906
0.03825330720113862
0.2647490310858972
0.22717383602067417
0.34793826728386
0.13159332259353607
0.1350520502758566
0.19183701300085246
0.12047520533595839
0.1920558523153434
0.20841144909170034
0.07504364439774605
0.4059670038833868
0.24431337571984885
0.19499068514870835
0.14599753349678124
0.05660193837518506
0.2512443923518962
0.03851651257882642
0.109536886787861
-0.01869895187114466
0.08325586235951947
0.2888708773431379
0.1686750392561016
0.031764415045309316
-0.06427269573929646
-0.04368676107263389
0.010405167923538993
0.1590890125045278
-0.1104002669354333
0.09594496544122692
-0.011779551612546457
0.005201594110958545
-0.2737294203794272
0.10982609988819685
-0.2716960607539631
-0.2733697849820974
-0.07435413507416697
-0.2519922941912866
0.014807978522370743
-0.11861405473179185
-0.38843809186240075
-0.18034804698534493
-0.23413607127428904
-0.07639384158824934
-0.23272535418600876
-0.27044768243935075
-0.045676820227586845
-0.03336881016005158
-0.1629566063143298
-0.20139111612804944
-0.25498532941815977
-0.2559628306422004
0.040209949906875764
-0.23235816740129242
-0.14320817111052436
-0.10435424948498266
-0.22531519951847234
-0.24303566449289166
-0.21640306505670048
-0.287237902432837
-0.25079857876504175
-0.26318396543005707
-0.11470167303361326
-0.14561991360761695
-0.15383035183120566
-0.2616277665896447
-0.022185567541119
-0.24931521691402964
-0.05438936161896939
-0.11298451059758394
0.02551769777704721
-0.19095629420144566
0.04713877146111739
-0.13613398343612754
-0.11404666603119279
-0.019569875377433724
0.06478785039519114
-0.07874547589904779
-0.04891334515707953
-0.1251353829375492
-0.10171047345480372
-0.13027664317005988
-0.1432995272206925
0.021657434687348792
-0.08496057931605021
-0.03023810737517807
0.07324617601683318
-0.031147351212330122
-0.05581924651092816
-0.024130303142730014
0.1366590959079607
-0.022381357092518997
0.0351016792163526
-0.05680439575431499
0.08880361312707657
0.038500120256943764
0.09635539457442993
-0.07829452009839633
0.22729638018946358
-0.16209456055508192
0.051904460182261816
0.20277678790844544
0.02702136754137706
0.1113384177542179
0.1737556281583691
0.10675014425046819
-0.021522643557363857
-0.009611287702713245
0.17731216593835836
0.10320404578714479
0.15776294848907801
0.15926678471608785
0.15313156151995153
0.131007044764099
0.09776382673722361
-0.0478344057244568
0.173875771957949
0.33329741880299346
0.07998005629255257
0.1201649561443863
0.11728844901863131
0.24549490374244262
0.05705109166420262
0.2234665389912759
0.15315271856509238
0.05032235690904409
-0.028800293289421797
0.21708497302646867
0.2587510552436433
0.31734343504677576
0.1492795738075181
0.1261636834695707
0.358258372058148
0.23861406921350664
0.11451224284238372
-0.027441743664260693
0.17285806433283357
0.23449994983623748
0.018024117959257464
0.077334350908658
0.08169144396920473
-0.052524874288805576
0.23333219345619455
0.08409013276549225
0.15475818446669415
-0.01535846426045516
0.08613012153671251
-0.07172482594983226
-0.04388571953094196
-0.1654021731883171
0.007553492025323561
0.09381792185985337
-0.10394365653135648
-0.0602073763851691
-0.03453166263053212
-0.1135943225766884
0.006319315972137609
0.08313290984036216
0.18445218145113795
-0.11022252833540513
-0.024241423487416036
0.02908398831754637
-0.029115472755270558
-0.20602837474963492
-0.20530226567339366
0.017149691821699953
-0.03814995353007664
-0.09605885301537109
-0.07558554687074169
-0.20203520067762593
-0.10534188836482508
-0.1277660499778355
-0.011228542105094441
0.01952033861949662
0.18027371950038973
-0.06092686711537125
-0.25743552332804076
-0.1508634444696711
-0.1732653390401731
-0.2685818311522936
-0.08171551805001176
-0.12852683184612124
-0.18520301902742747
-0.15774435470049422
-0.05753702588686998
-0.06281610500432223
-0.0839981494025214
-0.04233811731314226
-0.11948305438022487
0.08478535143731752
-0.10642359893658707
-0.025856572293938306
-0.08470313161262545
-0.08869470028211539
0.02424614526855773
-0.07719469260172739
-0.11832175154232351
0.06919136007402327
0.018655725798981226
-0.16366963167589155
0.1106726479890009
-0.19162526046814382
0.06360602754776067
0.033669611048999785
-0.10347658912803767
0.20573192321829104
-0.049187923009804874
-0.15910488878819057
-0.1254314411586968
0.16128707942118525
0.032325954590408705
0.1518624176546869
0.09794791425175832
0.048331137263893965
0.05722192759552476
0.09952564816620643
0.19593395204545544
0.2762494977319028
0.1159363714281593
0.1230518354560241
-0.2044727681633297
-0.16072205866382533
0.10284949758006566
0.06956160233326
0.005409223819118264
-0.06448810741749962
0.03607735519938819
0.06313963630094509
-0.017641375577063273
-0.1271923744981448
0.2123884748297104
0.008803326381646812
0.036106870924792575
0.11008929500918971
0.18423585113191776
0.04759195599610735
0.0010102895334626466
0.09680266117548887
0.2375227458613559
0.019876416246016118
0.0347674732633666
0.10514342955762906
-0.039249064196567054
0.07592370290957716
0.1673121482105741
-0.01591718700528308
0.2362810191742996
0.16094526957580985
0.2517631455278331
-0.03726547950996208
-0.04725638838569965
0.1962044810344441
0.2577353163829009
0.15118345870024363
0.010731086851740568
0.11809348491271954
0.14483457027655078
0.058615665417704105
0.07096654332525826
0.08262941685270592
0.14067834450726055
0.16347505090006828
0.09918450254220852
0.016442463313020482
-0.060011813190717626
0.14072014418170303
0.06653864808922202
0.24022656135295778
0.041559054602268344
0.032451338415571296
-0.0985232498534593
-0.04658142539274915
-0.07705888765040263
0.24216275553597755
-0.0670446246157829
-0.15950424144577446
0.15985417886999764
0.07244772481498445
0.007824167837632793
-0.0205678763371421
-0.09376556283683125
0.018710275583878534
0.02642954087885987
0.05515439138607439
0.1293805974451845
-0.03132051179305404
0.14733096142671667
-0.14860147231005738
-0.055569930513039295
-0.07878902119102446
-0.07640166552298917
-0.11945027743430853
0.005083329609924185
-0.02677764657086536
0.17471517886550406
-0.2516226455934648
0.6451452455517704
-0.5834145378211739
0.0658783889111755
0.7338524133953456
0.5364391279788565
0.1331700817516806
-0.1485879592250534
-0.027425807184338832
0.36639910051890434
0.7752169640415786
-0.19352555815942396
0.2882167591525847
0.1256487662765433
0.8909598505088616
0.452825345001709
0.17685210725452985
0.2824712721223609
0.5329850211749376
0.14805907558317843
-0.1007072662029781
-0.4586738752048577
-0.008656488186423894
0.6003564580594998
0.18284083067843152
0.2396541720244041
0.8155658795814238
0.39065557326011435
0.18808822654399038
0.6942464218091666
1.1207064733772996
0.6818464385785805
0.08077518757601476
0.49124112062113046
0.28888684763152267
0.8648523980672085
0.6068469597973611
0.17268528089212531
0.4560342403759478
1.7164378742976485
1.0645489913745079
1.0306085778887295
0.7980545724431224
0.6277422817813212
0.9285867689591756
0.9729894690438358
1.4370381360159479
1.0502082635891503
0.6096044764006547
0.5209356054693465
0.9817584282073138
1.8373641532181717
1.5231475408839046
0.8437569144940616
0.507155557328195
0.6256932031179999
1.4347163994237284
1.301135898590522
0.965600571452673
1.7110989601291564
1.4017020941652545
1.6816982117155983
1.5458950536752765
1.014777818113155
0.7333535090154314
1.3488122106908331
1.6147102888914322
0.8214884258838895
0.895928607820126
1.0542593044341666
0.9377883651088269
0.7945455444201914
1.1582483607809884
1.3563582702579509
1.693181077969349
2.232633985737275
0.4380952214600906
0.7636671292383682
1.2445570511224693
0.40125413285918166
1.0593314625529338
0.30199448052732214
1.7791272987325457
0.7894250704037914
0.11913033458160338
0.6499204819026616
0.4201549195603372
0.7382143288848064
1.2312804531910264
0.06503937585598907
0.6288878227157486
0.062025068603185796
0.5434467278538327
-0.36939828348004367
0.35436070901684125
0.5700803516821522
-0.3234436512850866
-0.4208104597763446
0.4453176556496601
0.6668165505990251
-0.0036274013063968824
0.03237517550530147
-0.006499954145013087
0.18294463768126046
-0.29214031572422405
-0.33379353177894727
-0.5714337879130513
-0.5710971113879192
-0.34813626208389187
-1.9857480584587486
-0.8657808616518115
-0.7303050425181823
-0.9770267545891752
-2.029582295064945
-1.2095369014858741
-0.3374750453666624
-0.9574941522953533
-1.9510130947407718
-1.2144640581586876
-1.7454093028485358
-1.779263929891447
-1.1782537574633725
-1.726344188750835
-1.6703673582186505
-1.5441812662510404
-1.7084039794171981
-1.1965569254351287
-2.354601953915197
-2.8892457761112516
-2.3088844631791865
-2.3938716860361424
-1.7727884761097905
-2.8954915169983706
-2.0107235035330913
-2.6489596504288633
-2.890053375660158
-3.050698331835566
-2.8641052460765426
-2.897426826201041
-2.497996309023072
-2.589486179649033
-3.1323232495101787
-3.5066394435200916
-2.8958940667630113
-3.190575263084235
-2.964348348940365
-3.1010921466946244
-2.926073998835995
-3.2889319906629164
-3.759399380671826
-3.5497859026210854
-3.2377568022714684
-3.937926996776919
-3.550684876774049
-3.412121349736835
-3.169751327752043
-3.1749999721587927
-3.0692002460390295
-3.6455935202283003
-2.9978627095751667
-3.3339968346028837
-3.5406044709132893
-2.666091634982286
-2.9128956351226627
-2.268033878839768
-2.3523787043103055
-2.5832334981259804
-2.8920071467962085
-3.1519474434124115
-2.4023739924208396
-3.384190704095518
-2.8412816918493573
-2.339846471777134
-2.055326427729729
-2.4881622953497295
-2.0199828600731
-1.6823016813334601
-2.438451630806016
-1.8312206941971667
-1.8221263152090605
-2.1228318127953667
-2.0164674249671
-1.8165770622795672
-1.185775995466289
-0.9414719079867226
-1.312649130509831
-1.2551717621375624
-1.326548346157038
-0.7029003669378723
-0.23168481025963983
-0.7965830421590375
-0.29704082211679933
-0.7466822157650226
-0.4796423886696321
-0.6558989078014422
0.5123962470217992
-0.4994247518788176
0.21603285341178552
-0.5293056353096344
0.6906828955798023
0.45013095705658934
0.6507863053779381
0.5263540859876618
1.056628051910863
1.681469516948445
0.555428103472482
1.925966544876363
2.3022349189273528
2.209539128817078
1.1320924557105512
1.3625843122826446
2.4390983727004194
1.8993378900249716
2.6128707649084757
2.3144533121343778
1.442511604123881
2.523875913507749
3.192262993394759
2.849390213309959
3.0286121421560845
2.770182324745597
3.146005187373855
3.6266799503314004
3.1719700222455565
3.8838030160262065
4.110762560580493
3.5650995753837598
4.248201944340721
3.771278379128172
3.1311687061472906
3.5556353489919497
4.3000380041614115
3.624042839759928
3.912056381705037
4.2251271454127695
4.7982711340563045
4.344664343717529
4.270376224752743
4.562527547524159
5.203247755193998
3.9251803979886324
5.254012811038694
4.386563163628236
4.604714691241688
4.55957585600725
4.9458247962353665
4.37784555659487
4.2384749879943175
4.658069832148055
5.10987160272547
5.015324800437356
4.887915319751213
4.783412591450421
4.322056572292585
5.652940148295806
4.485737050650689
4.605567171026164
5.091899440212409
5.00848258546441
4.641567035359141
4.8969780522333695
4.704444842044754
3.939834865515747
3.4976071968862863
3.797843911529961
3.7601475042263774
4.7112465234095415
3.9704993356621303
4.442466280802019
3.57040626391452
3.761900008647842
3.9298575309561743
4.52739699147029
3.4686360858357976
3.4443355946352967
3.069755361314113
3.6106444176646266
3.328016878299132
2.210310080426406
2.778183941249925
2.4367501295327014
2.2188883562117
2.566783638347749
2.0718794144822548
1.5044852812596907
1.6286501501144655
1.539273589459718
0.8951766117605937
0.7036099968660086
1.9461317946494074
0.5550262047953082
1.259811445454127
0.7015484914687709
0.5463637493430772
0.7771505158335013
0.07181225872278227
-0.2711078463503688
-0.655863475172809
-0.05724103331991137
-1.0817124389384567
-1.056255777861739
-1.5234193302437515
-0.8121203542555768
-1.1988661881014095
-1.974706746998235
-2.1829899521056477
-1.8808977804213733
-2.3020537995905404
-2.5366240037422605
-2.947286766068352
-3.456193976812149
-3.2239549682703967
-3.2223194036648075
-3.56675032504236
-3.5599844565082996
-2.8882116706720096
-3.9156196472556513
-3.3399848261237803
-4.28829202415014
-4.084787254072395
-3.6461586612064587
-4.814260348894593
-4.563174360497275
-4.769696914597407
-4.455962747168277
-4.438297783940782
-5.356653147005008
-5.827050102862533
-4.769707182105397
-4.740089921273409
-5.651457688475888
-5.252012973145193
-6.138109793186397
-5.810109698140969
-5.582080411800718
-6.046741070681943
-6.128699322403722
-5.777131476888128
-6.094264566155167
-5.887272629656034
-6.139040363593943
-6.703961681375923
-6.158461458487767
-6.329241739270434
-6.1218026082503
-5.971243963773745
-6.0535052469502375
-6.049860437323081
-5.951652858658144
-6.4636892187357455
-6.324466607326374
-6.134762232962028
-5.482766051184703
-5.899957229955912
-6.012006342682141
-5.892825747052928
-5.324576731287107
-6.684800683805892
-6.666914724338341
-5.736474329097773
-5.892804928237323
-5.281180052009467
-5.193511239334501
-5.479663366172338
-5.308014770854462
-5.023472141240112
-4.6825120886224
-4.793178402261698
-4.737469242209245
-4.3229750132482385
-4.440883915220407
-4.045284821207498
-4.179373646830211
-3.8510813140128604
-3.2546328306275414
-3.8107345659156935
-3.5640114159242917
-3.4687024206526007
-2.567145091110741
-3.722607908290181
-3.3811463854964794
-3.103546760472601
-2.2454208068014903
-2.1424463726646747
-2.4485688727836843
-2.43697214554755
-1.4931957185209337
-1.3756418469084297
-0.1607327518611159
-0.6251318262287867
-0.5575806764190665
0.43067264965607654
-0.21840804750719361
-0.2778024181394127
-0.18370728695826447
0.5201251416148488
0.958252654871527
0.09870861089856053
1.1600317051496356
1.5917150497548365
1.2262222710845943
1.3949508913194384
1.7409553429343334
1.7816556862108828
2.2078385040627033
2.1036347428613653
2.2569669157695507
3.09894028289393
2.646855748598868
3.770475054108503
3.371429593831848
3.913214458823066
3.814947855569058
4.641237031587741
4.682864650485874
4.09310435166685
4.4882742935756195
4.686157590396997
5.058166863669543
4.1767045853711195
5.120975464096573
5.792815075045465
4.999019653338144
4.750162517196809
5.4586665038928865
6.0895064507317995
5.758454679810091
6.3072516108962375
5.428354903927008
6.108096929793388
6.496042132878981
6.476105857200569
5.686923670720369
7.229199166848318
6.7684237562784535
6.695860801761472
6.4442061673170095
6.113885126337112
5.878943759018665
6.29371402940911
6.756200810083027
5.943495615692818
6.6100007402227305
7.030035840186473
6.141295447682602
6.916862536502036
6.47147295584294
7.176764048580912
7.026578738781551
6.871013510571901
6.204100972734298
5.9323761383098965
6.978777239258045
6.402466254607648
6.724953799048377
6.005638309069796
6.266236819143454
6.566004188747376
6.734149699229524
6.53248966513476
5.645244036073581
6.68039412863128
5.445834677704015
6.1484673338975515
5.310192000572749
5.274742207013294
4.839551151071392
5.1871287989510195
4.795865477180871
4.455888974851951
4.446430684345467
4.3336604056417745
4.29100739211365
4.1506872391602245
3.482408012471372
3.091082241884515
3.2106924938849635
3.277302457787666
2.918898386059228
2.9949473461798988
3.2375543532956814
2.6010112819135385
2.8114335338087146
2.164083617083338
1.7649898402535995
1.1860669652694498
1.5708022241735342
0.702052320620735
0.5415274363871403
0.3483042744868155
0.599523950525022
0.3991651492995276
0.17592167579103346
-0.03956131210412761
-0.3634356288231509
-1.0583485686065193
-0.7264038626703977
-0.43053394004020795
-0.8454189415840432
-0.7158810315470265
-1.1878723515742158
-1.6603442409022362
-2.0847854680366043
-2.1263543103845306
-3.061908697978179
-2.7660768728623055
-3.571316900477637
-2.905012741764495
-3.872064929832909
-3.587387890615166
-3.6577271693996116
-3.9898565857224377
-4.680613696501797
-4.37906365551592
-4.598197538928513
-4.8922867489761686
-4.42329381812303
-5.654181821401202
-4.185559049612284
-5.694489781128386
-6.06460988809286
-5.926950854904973
-5.958784542877462
-5.564128945551864
-6.030865401773111
-6.26860227828639
-6.224839460832032
-6.438965572294291
-5.999984834550031
-6.05580477197862
-6.203172006518211
-6.290190640337071
-6.141867070067512
-6.516889813563286
-6.36297725156346
-7.220435066623963
-6.540292480125648
-6.777484858608567
-6.992777791679958
-6.817669182134692
-7.315020350196942
-6.704837837541946
-6.318504406770715
-6.59202925630372
-6.56490784489893
-6.7367578166871445
-7.064872858255283
-7.255816769135553
-6.492465169420021
-6.700693001952406
-5.714767443318229
-6.960207274444072
-6.659892835191823
-6.219993570212876
-6.22058932273056
-6.449943424534509
-6.539080899088448
-6.15512279352079
-6.265975166218231
-5.3403169995246085
-5.353050602544396
-5.274544298010438
-6.027567226044083
-4.634204924639759
-5.189612549966545
-4.639779502966681
-4.528544857709909
-4.806063692970806
-5.1406131592827435
-4.880839095783369
-3.5381998545273277
-4.461683475053206
-3.6993749196673567
-3.82044712148501
-3.583442748539774
-2.3817605843948444
-3.7102983454459615
-2.4999473458936188
-2.559008390039597
-1.671427768217125
-1.4343454282056314
-2.6790672354638647
-1.4058499300137783
-1.396157277091946
-2.0989787935538806
-1.1497303448307115
-0.8889479824723903
-0.034202269865502344
-0.5815645072575714
-0.8772997096791004
0.10410118692378853
-0.3925811747635557
0.3059737080155574
1.0670672911518904
0.8679409340241658
0.6981613763731108
0.7534237754103992
1.0304776336679065
1.7483966831414186
1.9696481271090196
1.718310696650344
2.3248684813764804
1.9662358485494391
2.7481166541770206
2.2025556164151703
2.7380880652532786
2.9067807165516
3.147902795115627
3.6746318344762643
3.069918390899671
4.113120095975071
4.009683313963126
4.258492728252619
4.70497558569304
4.055508929752102
4.068937168873787
4.434725364251444
3.7575134524443703
5.204261612955371
4.890485234715664
5.057383138612348
5.416397263767193
5.585507982682136
4.975204775600351
5.609571390795167
5.659082843742998
5.438568550380428
5.443937096681595
6.687039022017408
5.943513589394924
6.450245765035543
6.222245853826251
5.939863554720716
6.4866065582748345
5.644823835384063
6.705078357017323
6.1413932094638675
5.2591783339911995
6.175529529959007
6.3516151428228165
6.296146532061217
7.060563585658189
4.973495527291385
5.734802174425166
5.721052535258827
5.643809507811957
6.061407501717581
5.5858979351371865
5.393251343814722
6.89872682121181
5.918840015057002
5.780881629711418
5.012677219519119
5.28561867037753
5.93394272365754
5.680313168724827
5.280293617488441
5.66831552989086
4.9033046447309765
4.936591818580886
5.0078687657872925
4.50970973257493
4.813094610379819
5.324228611821285
5.129042022830509
4.27827430504866
3.8024413231279155
3.2328611407346557
4.32095004359163
3.4051251061405643
3.6460001447859653
3.7790733641362935
3.7682774073901357
2.592273147292956
2.895406803502188
3.2406666168700773
3.0482490163235845
2.6650455753947266
2.143261591802568
2.240378296572356
2.024968136303688
1.421073615242903
1.7341808767545694
1.1478634032426998
0.6648719986708
0.954140032234811
0.12090559755587871
0.04110473206746229
0.7701038461433165
-0.10369554611636414
-0.1768363408958447
0.14779852841548102
-0.0233420524993993
-0.5870170652940557
-0.7235665745438862
-0.680236030397471
-1.7325842065916002
-2.0028193111655437
-1.215086251420026
-1.568424999032854
-1.9173177436209679
-1.9565578427023482
-2.403618168768281
-1.6583344113562868
-2.1995569313958816
-3.0412584710110586
-2.2671700814898648
-2.5436435742732293
-3.4207462466768823
-2.6398675432427936
-3.47383808434377
-3.808902314972074
-3.1994805120466894
-3.3152039690342585
-3.779607595472967
-3.448415126593967
-4.332865321134851
-3.8201517905309883
-3.6795198603718697
-4.3301937159723645
-4.2916198448804925
-4.881837748650793
-4.097253674643119
-4.2920712810198705
-4.932011627981595
-5.318382772830647
-4.923956388000317
-4.401130799821879
-4.689034210698044
-5.4574736920681115
-5.520607099640945
-4.81379771719293
-4.799825753254329
-5.1969472733021185
-4.921480538524249
-4.980897292104233
-5.162341945626161
-5.244125893451104
-4.884500914335399
-5.185417585907634
-5.079514777691439
-5.482724516090933
-5.485295683321246
-4.656518706531103
-4.741347373410801
-5.406327125286126
-4.351751065579315
-5.363345709451581
-4.6000517335007105
-4.842935464843203
-4.165140977662547
-4.296734838201526
-4.166133331929744
-4.416644039863993
-4.689592440110288
-3.8130763832202508
-4.221373570939391
-4.0456644192815565
-3.6964385354962617
-3.9205796902294665
-3.866014021034191
-3.522257752770199
-3.1162317951937393
-3.1905246871178004
-2.5423979148934923
-3.1046903542714497
-3.112177152536793
-2.927162576676929
-2.4060772159212735
-1.7010005848189733
-2.7717584439425766
-1.9938206126299458
-2.5789796964515372
-2.595340623560576
-1.7186845628437173
-1.782283109357832
-1.573928343938207
-1.714776795152754
-1.3356281598060173
-0.6524301926453451
-0.7512356012366379
-1.084200741709874
-1.628830464914658
-0.47110204919346466
-0.4340085539212116
-0.9193043543635073
-0.13395469724766274
-0.8560919271231224
0.07069356202438037
-0.320260801579916
-0.2321500291656891
0.665975441852755
1.1429497120537895
-0.25030944844986236
1.6636165229100508
0.336135557220373
1.1314790702663808
1.2509678734673269
0.6815104149664183
1.6805502292878653
1.2763699181001145
1.2703537907920832
1.8528558750743422
1.2179274503065942
2.4654847456367097
2.4306972918219674
1.9364319542719077
2.584981805510532
1.8494627267093364
2.67839298463124
2.45863217241902
2.264316377449404
2.0472232995050987
2.1104159121457373
2.022595747960231
1.9846281236650545
3.079222111672889
3.378320530028504
3.5040246594848634
3.374130630576759
2.587837229247272
2.332564335339862
2.9970542510753377
2.68614732433683
3.3146350615988966
2.8679708206427885
3.6859168744245863
3.240488373456709
2.8134119224497875
3.1296215164768113
3.3651899671482606
3.00134809284315
3.4074920988672464
3.3178355993288613
3.258546775346306
3.2342793496054525
2.4769546629830863
3.21748068645184
2.7313348304036933
3.1991476533801886
2.757745004394498
3.537565613299969
3.190331254295509
3.0187457144451613
3.4634163470396038
3.5098887007731454
3.050566920054943
2.540463457749083
2.7613516763389665
3.0546802497668466
1.6773299385346976
2.8811127615033234
2.777830791976137
2.84121009978343
2.4676336879520226
2.1820223342419616
1.9350487962572662
1.3767591069797174
2.6548188032596407
2.1551781448499905
2.444253805897279
1.6156268934949205
2.5237383393652566
2.355874533308562
1.5783127613951036
1.6362900460055658
1.8450574711482086
1.922313815821894
0.8160362047885921
1.036929456782515
1.786914607935682
1.4549594367923486
2.2633048440736747
0.7031435938979802
0.24643557068327993
-0.17849580182963087
1.1657385550618686
0.01916438026800893
0.6610273331278349
0.34927233544361713
0.5618461952606156
0.18132895602162366
0.3677424437386086
0.34368583795571395
-0.501377873791514
-0.0574453077842024
0.30090563193282155
0.04813230788247455
0.21673863350004371
0.050710331197692915
0.010828493722319449
-0.4344464704790304
-0.010951760791135856
-0.36549260002359674
-0.8241582531751078
-0.43749711714582196
0.3270417826289457
-1.0887772664444098
-0.25988170226997215
-0.5561252473550851
-0.33141802030959133
-0.8875195453555577
-0.5301985492610095
-1.3946751580419074
-1.5732996763755394
-1.381712944002706
-0.5620702700914822
-1.1641905184925594
-1.0967461122635949
-1.0591960596462202
-0.852993006337591
-0.6236558531917978
-1.687028579896491
-0.6630148882223386
-1.6951412880452315
-1.4382605251782092
-1.4913852320687018
-1.1287942004755749
-1.129936716250257
-1.88173684737599
-1.1575869755076835
-1.5346427316466993
-1.5312608410455368
-1.535346222671171
-0.9906943870006923
-0.8871554592893254
-1.5791886750085191
-1.6799196157165754
-1.0905624969697802
-0.8593815349177878
-0.6950757878245667
-0.9649235480433015
-1.7351425186464084
-1.8625218746497691
-1.270654546156184
-1.803445845149772
-0.9623946454493972
-0.8258355315591093
-1.644331149217322
-1.8054715675670558
-0.4967839713175043
-0.42430022053341565
-0.37566922872706354
-0.9208548936819925
-0.17119103227016463
-0.6414609487111138
-1.726562787666147
-1.4235586390887969
-1.105149615949566
-1.0793678158669036
-1.1898959334369916
-0.28090235581349504
-1.0463958999478344
-0.8176760362193312
-0.3758349246614418
-0.2842751506297369
-0.556846803674745
-0.17404245500708143
-0.7323219205544547
-0.6178812908496519
-0.4039908034357699
-0.398833329861981
0.5574447526266977
0.08467637325655147
-0.39010010721025185
-0.090362569950894
-0.22561366024931476
-0.4671052175813465
0.2735290468855561
-0.2207615949187044
0.08845080745394707
-0.17895001637097557
-0.11902056139647663
0.024818555495947414
0.13895427108543593
0.2717121168308719
-0.07109652149991462
0.13265160834403306
-0.12822670431663116
0.15036466752168656
0.1410157315617504
-0.011019867316981733
-0.2919365115292615
-0.2810270279257677
0.34157774067128926
-0.35208120152038785
0.4414586734166181
0.1770190823761472
0.25324136327150026
-0.09676532047916758
0.469403683333628
0.1125708519580753
-0.4833219060327644
0.0748194118149061
-0.34520164345212284
0.0810283640129975
-0.008842202831975982
-0.9277118157776516
-0.12259147557736678
0.12681153326721384
0.4129301998595654
0.20789193615978047
0.4856277070801953
0.3062023601552954
0.12613487435246776
0.4929914413774193
0.15513164287820208
0.31500955884948634
0.24258588981470952
0.16391674940490514
0.20871822175294685
0.20364316807960894
0.10816705329939769
0.4015290347789554
0.41653726592905727
0.20907756199142327
0.1637098655393456
0.23043757711687723
0.05851705735410789
0.1351731828382068
0.015139981421280257
0.06988172805650149
0.03588119230998427
0.0169506334841602
0.11417475816516985
-0.004818691981631831
-0.15086034530098125
-0.1287937078802493
0.04557324594290088
-0.2823621524566542
0.001409077172847245
-0.17243448100144315
-0.23189121686093275
-0.16594436697007295
-0.29664892636439927
-0.26134378493104127
-0.1982033111114944
-0.1853870913761996
-0.2170402657494324
-0.3445871276801524
-0.3953670304382576
-0.4314944752116007
-0.3249677119068566
-0.03808923711438958
-0.08890163153683575
-0.3508875533005446
-0.3603115655074878
-0.17148867579148708
-0.21051045544051827
-0.13858090715223875
-0.1764869612616169
-0.19956637623189982
-0.1872218084642578
-0.07875695942368525
-0.04407664583244006
-0.02871653725881962
-0.08172542739716954
0.035183095622189235
0.1287232318521321
0.06382891250556272
0.12426266028700866
0.07809030642212351
0.07394540251207299
0.17563227721133728
0.18522734622045683
0.06600139958215398
0.18910504722176752
0.3720064281874581
0.29321656961156006
0.5005094467654586
0.21387261840907526
0.09189329409640681
0.23217749993452672
0.11178709320510005
0.3668709369788836
0.1624051465516315
0.28260498000110235
0.1472189663897259
-0.03381745209173162
0.10265742261840005
-0.006961083450233385
0.016677927245400112
0.09308942392256706
0.05023432629254413
0.14476893360333754
0.0701287176322154
0.09343437484734628
-0.1895636057681077
-0.0794956497491095
-0.2314683483345642
-0.03492749661313991
-0.027561617415719136
-0.15023561073402453
-0.1375449353330748
-0.26441855061305897
-0.0002353611842998704
-0.010463217165842004
-0.19951094378641926
-0.2426278123611908
-0.20147815279969056
-0.21935017355148229
-0.09752214014860466
-0.21616638764897106
-0.2833167811927487
-0.37712175958518346
-0.3116115576372043
-0.12455179442988999
-0.20638960583169344
-0.20114925390379973
-0.0805062260048554
-0.14790674460956588
-0.05110006472015427
-0.044980981709078535
0.07755309773662257
-0.05552692364272353
-0.0054227816346036975
-0.026648716842434195
0.012758607745203076
-0.01994652493265847
0.08158790875248467
-0.2234053955970766
-0.037513842783064424
0.035713009950547055
0.06781731213089243
0.06491279600724176
0.1733298630430089
0.13570359891724262
0.14731135119435337
0.1556315621422059
0.26364279864739926
0.2908925834548982
0.20888035777965963
0.23285526075082663
0.1851566063017034
0.23804204572508814
0.24856649520099827
0.032120575364090354
0.2958124917993904
0.21781913620529006
0.048546944193745695
0.08148336451829284
0.016090790820731893
0.10366372683887037
0.2536994345747891
0.13914762426026092
0.23179128457780912
0.15743006749486615
0.0326394285453888
0.14997390351681483
0.07452612148528923
-0.020148064055718506
-0.07086832148975476
-0.2849982574028982
-0.01873296047237038
-0.247959579704813
-0.15041587859894331
-0.18725641092751202
-0.03470332860847157
-0.34737736374274863
-0.09158283471857785
-0.21259546486656125
-0.23629402910094066
-0.10699727217987244
-0.17975570066331542
-0.23232514931345954
-0.19408910863614648
-0.04910853286927394
0.0019884076673036266
-0.11471434931790851
-0.24163662979848394
-0.2003848651568171
0.037487767955032225
-0.12724098477131682
-0.05757294963515058
-0.207106455502602
-0.1319204946592495
-0.09396504007241141
-0.10932859456749672
-0.10470537951706838
-0.014619155988037534
-0.08650336850943452
-0.06208097788672263
0.09763966794444684
-0.2642520382326101
-0.006947458150939466
0.07709864399099227
0.06317888033232855
0.2271053831411008
0.1952056951244256
0.24609490415014923
0.24994579925781357
0.170711072843214
0.11579853910044316
0.14029526313388752
0.0069363149873324925
0.16207871169360152
0.27080127009334487
0.21238650823242416
0.06422095999803104
0.3516500644044239
0.08781892506157035
0.20846575214624077
0.12818627734371854
0.19977702825286875
0.19962488048410904
0.10988763005375916
0.11750088019145324
0.14388652112454306
0.2475799405418137
0.04149420242507041
0.05611275011948735
0.026700115942178235
0.05632682554022812
0.11987036285197922
-0.1651764624109141
0.013662659514405963
-0.112675000268116
-0.12040597302955952
-0.1458371433939962
-0.06935282241996306
0.10493181582248637
-0.0721211817690294
-0.09833008402124407
-0.04134718794853631
-0.05254679081821011
-0.11656674491054594
-0.11741952050936028
0.14782198773958974
-0.10024783013213656
-0.22086659515903337
-0.22249938414429155
-0.27202956372083553
-0.019425103555048367
-0.03750321904319047
-0.08481099127314023
-0.1123727344644273
-0.08112903329634565
-0.06173756687084103
-0.19236453346823812
-0.13537428577155186
0.13670450490992034
0.04841899462024682
-0.07461608663535998
0.2877236535749191
0.07893312604072483
0.08127718093845591
-0.000725958996043996
-0.06425554918515065
0.05868812832401252
0.1490526445572268
0.06720401256043523
0.1319299335038242
0.16112498338739917
0.18317012752826817
0.23405507442130144
-0.09315186981997675
0.20267445619532837
0.07377677130420526
-0.021633640548228
0.22582992250028608
0.1578397529520195
0.1326444029333621
0.17281751411623147
0.11250430012154153
0.0864338141200648
-0.027726971639920855
0.168998168005921
0.03788792966877251
0.013060865855082537
0.11452987247565757
-0.0042381127844263455
0.13750511867087087
0.0380567730524238
0.11055373679926912
-0.05328069532527949
0.09433622619895271
-0.13091332857706883
0.0125467679318133
-0.02065299232441783
-0.11821358242302288
-0.15109050778075145
-0.12230388977856518
-0.04805849607238484
-0.12151098950811834
-0.2914218397264865
-0.2635585355465376
0.015447543240964826
-0.13328447916504257
-0.11306691465476065
-0.30758993735882206
-0.1758774894103171
-0.2226042038558999
-0.12936328854196352
-0.002676320063248902
-0.24030859649433484
-0.24823420409770072
-0.05449947488496932
-0.310699035746862
-0.07148261716674215
0.052740204052063755
-0.05564615068932675
-0.24895019308094873
-0.08511307596315794
0.029596139894146
-0.18122389942129521
0.052880278275466014
0.03888542051312402
0.1079027060531458
0.12280588749807696
0.0920938890718761
-0.013293724782040342
0.05051268570136351
0.11301221197352299
0.0008062209204952042
0.06839119613952213
0.10777895171423282
0.37498722028345927
-0.030437073174605964
0.08360743917375413
0.023639996834363686
0.06531603787024687
0.08318876563303435
0.05358778885149844
0.07659854775434498
-0.07176638728260872
0.08147691680338802
0.07801907459263069
0.13346180324079893
0.14492193367412998
-0.10851155230528901
0.05206009586553921
0.055905324549264314
0.10601780181613775
0.14430220553813666
-0.01617061423198407
0.048439515276111234
-0.05846310770040564
0.025861262985375374
-0.054409486764335886
-0.09318958568337594
-0.03434193510108541
0.20830603982147425
-0.17791620765553678
-0.06334578673899016
0.05784020585579516
-0.16717221556064246
-0.1034691530413684
-0.2637822273114466
-0.015603469147565677
-0.21730813231219387
-0.14820703730100548
-0.0931667438724013
-0.19682196045871841
-0.025466334585687492
-0.05756278496855696
-0.1312661515159879
0.009039119577556806
-0.25415272750259765
-0.03785270189217387
-0.0390718761001518
-0.09999573741114391
-0.10264047108338985
-0.06657851111909176
-0.16889799988768237
-0.04138014333435742
0.00040199982032840254
-0.028739276316733817
0.10435195862839708
0.04762697866467068
0.04761098319246492
-0.036251053678369824
0.22547726946481508
-0.0378580445246766
-0.06946277512423835
0.13116253002450298
-0.033958674949623686
0.07429050082657739
0.05489320998477093
-0.023700228559207823
0.22086440030003343
-0.058879622611742635
0.03613000522248356
0.02167225706276539
0.09297479315124392
0.1561164040174577
0.1937665373208497
0.1006618788774353
0.01290369630704373
0.06499745465759546
0.09966207904835378
0.09143513724673864
0.0009069996911745398
0.17182195969644679
0.03705480828361065
0.024165516062538837
0.19029427855293257
0.04898610795650788
0.0724832949864662
0.054803089511700695
0.017156100906075736
-0.02171009255155814
-0.14320180666167692
0.07873967514026323
-0.14738503301019154
0.02963596506731865
-0.13579410043823797
-0.028223834317338412
0.07757549710655341
-0.2642565209020821
-0.1588599609934933
-0.07205032178875688
0.013681947953363041
-0.3361686323732622
-0.04149258894684145
0.029657425028904102
-0.13278374912471247
-0.014264037521404496
-0.05054260924513017
-0.07293336583337894
-0.03134981765329375
0.001578846315075405
-0.1998024385786648
0.008370216295690736
0.04499902749890056
-0.03877184147886387
-0.16590793002456042
0.0009016411789723872
0.14633310561971663
-0.0875353958715865
0.019510536073524345
0.0680200568947936
0.11170765158589219
0.14731593047847816
-0.07358710397398864
0.0930619771560752
0.022380277397059667
-0.011909741388162684
-0.03201863886808143
0.1936193414054642
0.2573453225820319
-0.0943638131245116
0.2063802822426718
0.059194621463408245
0.10735553616001717
0.1526811691893352
0.052030495044838844
0.10510323513910141
0.045957263861796785
0.11789081517096825
0.12660035884951107
0.06913114000448976
0.06726735388629099
-0.01583132684178805
0.037541912791193614
0.03313359464859888
0.08312512276814826
-0.0558971499139864
-0.030325034617971258
-0.022656301326804483
-0.07535618749561213
-0.17323604886704655
0.06896467333342321
0.05760569261846116
-0.09516525140350178
-0.10207391225922671
-0.03854438412711853
0.028174048930404913
0.005412670665112768
-0.2543725921941605
-0.07477053896969965
-0.09555985452824847
0.10181311909363863
-0.20712256650994035
-0.20052812776390488
-0.03190269324059068
0.07811843832062206
-0.019812102738952737
-0.01180775605235694
-0.21274090210953306
-0.12468497860640652
-0.04835753038327663
-0.132696345836411
-0.007160140859274897
-0.06976286008752856
0.039020797279638135
0.007205506511131866
0.07226307896400466
0.08450607254432763
-0.06404810192005705
-0.27544998394965814
0.03844474787562505
0.037205166610935626
-2.5253053864880692e-05
-0.07305750912408134
-0.12437503506972698
-0.04271841279273883
0.13108817043617743
0.0133239825528674
0.06618453988572737
