0.0035316452009278576
0.012330218121213776
0.028544659152786412
0.038430185467557686
-0.03260413260512404
0.001334874154920959
0.05022642134055448
0.05205745502884657
0.0273800690273621
0.014152215181522208
-0.008347981900292737
0.02618189173923187
0.03609768222284179
0.03581728375012937
-0.007673058793693526
-0.002766306757978937
-0.015611550028561742
-0.016725802972655444
0.020194852097261743
0.0227764064948059
-0.03474906780067996
0.007965620735830363
-0.003047676940496593
-0.01622258337870193
0.006757512701049003
0.03818956086271399
0.018465440186428782
-0.006717914792265374
-0.054256507868790896
-0.0542532243612836
-0.00011536777998237831
-0.062366145518969546
0.018778810466467948
-0.018614861668012114
-0.003781812732169177
0.022017214777894967
0.018550416056049613
-0.027846444215271233
0.011705742221402578
-0.004734225641267786
-0.012265500544514536
-0.03609829098102701
0.019761527735943633
-0.025959009290819034
0.013999092649839716
-0.04259516858007346
0.017709781211943887
-0.0010428767199859967
-0.060525091766935706
0.035505770143127155
0.060673235909159656
0.011713075349648125
0.028690841685415316
-0.02638481247439879
0.0035469243541682914
0.00819382575752634
-0.047974974276278566
-0.007117414081210194
-0.011662645265281255
0.008466173610045027
-0.008549632860105256
0.014790420891208009
-0.0190105378956817
0.020715164573921988
0.046996108275208566
0.005361411040489563
0.009045940780302497
-0.002913874058180262
-0.013596242720088973
-0.026139468961549454
0.045347471775356835
-0.039195915661635536
0.00905216731025645
0.04716311795672053
-0.024866643383879117
0.07457545994201341
-0.022380804136468136
-0.03997692284110743
-0.01324175552961754
-0.007747243132924813
-0.01914150418466583
-0.02457845619681877
0.023548149725300168
0.007835636943409763
-0.0065655137363458274
0.021773927866460888
-3.5338033434734764e-05
-0.01480377492605791
0.012375082381609441
0.0599227823485389
0.007881871491309587
0.00832356565100415
0.022199533577094328
-0.06466866427496659
0.027538878827570862
-0.037558872977702044
0.0077747566469216845
-0.02950843307703197
0.004688484860698146
-0.0019747613081882304
0.0009734933812787193
0.0033430202173775772
0.021642249293243047
-0.020585068159731837
0.010175205849141729
0.013020603629189881
0.016510966201358043
-0.04186410041625232
0.02744478968385097
0.020955181725570354
0.04543151088423747
0.0025353848534991523
-0.02327307972510969
-0.007193264537716787
-0.022170230690889917
0.01276808091275624
-0.019395591508064136
0.07013188819755099
0.025474749618194174
0.00570020938543335
-0.04118553990719819
-0.01914600265127745
0.02062902539146568
-0.0012612131766497052
-0.034239186846321365
-0.03115188620763025
-0.04033841072231594
0.01937138201974149
0.011540989014244767
-0.025825289070690646
0.008582420199424592
0.03221607834239688
-0.017796347028167205
0.03501473329958018
-0.02532495492146819
-0.025422887182199063
-0.009696437227757107
0.01640053112930973
-0.03358598741947369
-0.05009301987836863
0.009535590343318714
0.012968839915539404
0.0033271606846575286
-0.03686460055443798
-0.02691380602937084
-0.004299835609295805
0.06077273012328368
-0.029431708017826512
0.018180332671347277
-0.0475963079705536
0.007081353477625284
-0.030613980198211203
-0.0072244143765116
-0.03514218220261292
-0.03734563205919835
0.03752803121555508
-0.033657836575731785
0.04668498808168386
-0.01601319159137899
-0.010925779591250634
-0.03918784894930949
-0.022021176658309445
-0.024765744569835327
-0.020647491287274278
-0.0023472820166270327
-0.014228357354002238
0.016365396004946256
0.028513348423572407
0.017341735484400763
-0.024821725672190594
0.013069489745226879
-0.02846577116985784
-0.03450651626322011
-0.04653624445678289
-0.012750415161942872
-0.01614745165808736
-0.0334248537943057
0.007665041014428978
0.0370447296512404
0.019120170066206137
-0.04688289445308655
-0.0059131955893877795
0.03286402349157056
0.0077773930772386075
0.02545124529794048
-0.003409975823478374
0.028806467325991146
-0.03629303953543108
9.470972525972793e-05
-0.0555649247136883
0.02756133565488596
0.028810297707402732
0.003299612154526513
-0.03588266284791302
0.029434780665989688
0.02512151771240717
0.03151509989103574
0.02299447259861339
-0.03742918726005355
-0.016145233428912907
0.027197555892242122
-0.022431965990477993
0.030618829406993304
0.004779596983621336
0.006624218858561641
0.07231986162057659
-0.016763871280915797
-0.03216705658842886
-0.013334115856665794
-0.03180736457028706
-0.014497376717551406
-0.00888634502391419
-0.055179483358121374
-0.03614682702611433
0.039266050039921785
-0.036282952464574754
0.01197035224102266
0.007958916493440216
-0.04402855253829979
-0.0037720851821398194
-0.013652256026019502
-0.033936330915917204
0.052452625554514715
0.011826758305779924
-0.03808862971069359
-0.029153471956663894
0.039860381647263174
0.03864979472168688
-0.010110057526971193
-0.018581452796597175
0.039390596675894785
-0.02243787922191203
-0.02455922277760201
-0.050650560185749316
-0.03168702382670223
-0.020460052001798467
-0.03263414076360222
-0.04716461162144666
-0.012595315378096581
0.032884027347004886
-0.05132914670018492
-0.040240920544540475
0.014078977754109162
-0.021655255138038506
0.018595512369316166
-0.005818550269374259
-0.05786511712370717
-0.01119155834352167
0.03775829178464074
0.05130887502202491
-0.04338219581672581
-0.003962552303771846
0.03791653990856014
0.03808482293017354
0.00929059058984291
0.06295807941184318
-0.0074074757125701576
-0.018242085202394436
-0.05130506030764166
-0.006128083579425635
-0.01053068439572238
0.029192131506572103
0.0006321103401642834
-0.0005653827027091591
-0.053310141711603386
0.009328983792889349
0.010976075200313943
0.024076187524990765
-0.01571195667284982
-0.008255793042205193
0.09962817778241999
0.018116588563589657
-0.010226715564276005
0.04102688800787007
0.04716756480973811
0.025206817302162444
0.05338674782158181
-0.03208427505137236
0.022888750723403857
0.00027005084930301624
0.005937037970911212
-0.013415065073288487
-0.09890130653385532
0.008318029182717705
0.024645088536723984
-0.048105614603338585
0.03697104359393507
-0.005345099443847826
0.059526411589318574
0.03900406758017089
-0.028092456151326137
0.005143927876656776
-0.025263671193175217
-0.04038479228981161
0.019564174268932803
-0.03960449379985335
0.023968125957243857
-0.017669403214938453
0.049102739399276944
0.006914268948190228
-1.1519023585704258
-0.8918468144542928
-0.8342115793868758
-0.8824405657659318
-0.5324253839940725
-0.8484558103801825
-0.6236671097723421
-0.5518652007111288
-0.43545873937274304
-0.21888482352743655
-0.13021027307300734
-0.3512524305390674
-0.14855506346461536
0.15098261686125242
0.03348953804304078
-0.0023956304145661966
0.19848042634236274
0.37379457222463264
0.45749225446807845
0.36802550635241
0.5725877540291444
0.5252391189684438
0.6804949078071412
0.6433359418788275
0.8075600518540391
0.6866043663688409
0.7072484172452119
0.7860193051306887
0.7541846304006835
0.863968570481007
0.7246533369673329
0.6997907186795901
0.6481851711464943
0.6667836350113214
0.7643715281344452
0.44427403775139207
0.5096472507285057
0.5205978299811509
0.48713841467625063
0.42814386360506224
0.16125258695025416
0.20543469915845475
0.12379740661979796
0.11309355690509704
0.13278987781707619
0.011915839038272973
-0.07771025906624444
-0.0038114889220765835
-0.2253801006291465
-0.38116388811351865
-0.44495173429376855
-0.5264323973767224
-0.4284423353287227
-0.6146979154826147
-0.41072418205012823
-0.530027113767728
-0.44851393696063424
-0.40585165610143714
-0.46327359636668347
-0.397241462072202
-0.5047355391202747
-0.49190683451706496
-0.4715554032996991
-0.6225094932971399
-0.5395438170097209
-0.7087626149680292
-0.3139843094415218
-0.25903618723932154
-0.44302374012615187
-0.2792115766236446
-0.10558262137338864
-0.15446366510251858
-0.16040554674981197
0.0013331700116818168
-0.14158189683194228
0.1662053433928055
-0.10727775854043872
-0.13236493136570093
0.23206613929225306
0.02415024506896636
0.06476516549068045
0.25702324313042724
0.2888164640436415
0.2537776815272871
0.4803421494274557
0.32835102905305624
0.35874472677425623
0.35592357961125265
0.3697194182526418
0.4607565426819331
0.40910761642564347
0.4056222427243657
0.44977103749460823
0.26873254804092706
0.36541921261782423
0.44548414639529643
0.20497489857171153
0.30653388913929325
0.4363743026545123
0.4152587256343617
0.07832714425638851
0.212101570821661
0.3768253300402664
0.19077339135562799
0.045195677257312314
0.13168120454831345
0.06245741009700314
0.05792570347000868
0.02052793121992603
-0.03015125999495736
-0.02255805719962445
-0.16503598266092878
-0.08828424058105613
-0.07606933386129265
-0.17243992002849823
-0.38490622040860556
-0.2483657932275004
-0.214595264727067
-0.20804153532853809
-0.2676022046386418
-0.2165841577848377
-0.41361440805139954
-0.2586749224418156
-0.11234647667056996
-0.15417710126173467
-0.19712870809403468
-0.22519339244004688
-0.22388643257332946
-0.12535035064107575
-0.22518711426223775
-0.37704712322583905
-0.30620293521563663
-0.27888766790707376
-0.24401462915387337
-0.15151717937190035
-0.08547426843668042
-0.004400336521678497
0.05450936297657545
0.06937122381045929
0.052695217491248184
0.06792065769419678
0.1403533076152857
0.010544683062631233
0.13151536583736217
0.013164558038362598
0.04553313054719518
0.031105535513028054
0.243539039872205
0.1421249478499
0.0969732989201431
0.21815586786160465
0.2364420258440461
0.19572970183042718
0.08008699242568576
0.159187564278131
-0.09624070267097237
0.03550425450335834
0.09607876328909529
0.1524068130338065
0.16195304952201572
0.13409927239866265
0.15044416249054748
-0.049897317137832825
0.10448816836094746
0.13530185695744318
0.08931426721611098
0.2297471665721757
0.21747828779382583
0.14373246371477044
-0.0006438321782660204
0.13260219012394328
0.0870150610445372
0.01447844308265761
-0.11939637090912718
0.11272875442304266
-0.09318585395891403
-0.05374494614928675
-0.14136774258920562
-0.16817301773426035
-0.11921165747836313
-0.22410492006356392
-0.3151092820436568
-0.026583061828753335
-0.1765681300270477
-0.19047381251580178
-0.10387059680830002
-0.3610268078998331
-0.22308909147828054
-0.02993373032653364
-0.106359172576314
-0.16655147205576382
0.007578161641322051
-0.13509997999959786
0.005188643175207827
-0.005681430548125685
-0.2457441335044257
-0.02698844729063153
-0.25936225494873244
-0.1363791448200269
0.13549921592770983
-0.17000813210849727
-0.21372315064542938
0.14980507850776797
-0.04843205398101396
0.05917479588142675
0.1308914054702403
0.08246856624003268
0.11211096816886974
-0.016800527053594944
0.08091731749859625
-0.02393297475384612
0.2763211906680878
0.14122866856985278
0.05569675034406707
-0.042754719542971484
0.2935961369074255
0.1992113981782468
0.12473572617884332
-0.006423177092654414
0.08816598541676574
0.03116215355536124
0.09797292119736681
0.14692987011850484
-0.09706915583040239
0.11324242944409543
-0.007951409092453357
0.23873679069949827
-0.04714117302955382
0.04481395072778137
0.06912342593299026
0.12350732624978496
0.018510792448462897
0.0459707011570284
-0.053557560306912465
-0.08492188094867224
0.1518507666293376
-0.21050142887979034
0.01646219821269121
-0.08145972473743524
-0.21161587370557833
-0.13321322768762683
-0.1818134267423522
-0.05772137591089745
-0.025218786206620873
0.01243862675879863
0.07833800832054386
-0.09596743200636934
-0.10178780719374973
-0.20333556459370694
-0.2114714866869469
-0.18634517198681255
0.059423693125781954
-0.04477562597317435
-0.12664405222373337
-0.0061202880394217035
0.04961162248507408
0.07122780760833576
-0.08182802208493048
0.10696415684327656
0.009344235768702247
0.08469455847121378
-0.2584223390471688
-0.23056014655547039
-0.02440502445332724
0.08217136396487291
-0.03785523298262711
0.08001822332768566
-0.016424401018361786
0.10706194273436068
0.09049380775870274
0.1396281424057027
-0.04425315896909704
-0.012934767372478582
-0.07362156190171398
0.38477793498833657
0.15051643778907883
0.017463124430175107
0.10677675690494073
0.05877583900766605
-0.0699174317243777
0.029677651586158333
-0.03619944191007513
-0.00631773288720721
-0.009787946068400409
0.025392701333824125
0.11676834120804677
0.05507981682992816
0.185761958764814
0.09792371984960008
0.18661256558749767
-0.05524898254606647
-0.043806211364033315
-0.02000991084381008
0.1067520684453249
0.05055711824689948
0.04026312075028893
-0.032729055396547024
-0.06403845502319402
0.1510292937976638
0.061763795113589016
-0.026219118721596203
-0.17490497591582477
-0.00546218665632266
-0.01399630928221891
-0.031066272608088193
0.04477017606359578
-0.050996419906793836
-0.08830456991320168
0.14212847678042728
-0.12950217045486287
-0.0012207862155226568
-0.04528647813529761
-0.16917272343596063
-0.030656689548241738
-0.16453732250248954
0.08043633021221373
0.11982960737384123
-0.08252459275343976
-0.06198361243452247
0.030117025338211322
-0.018696204388849186
-0.2828047904072058
-0.17809722200207276
-0.1601108124557303
-0.05898051651747493
0.13847303161984678
-0.05784650054597365
0.0060365833600936935
-0.09780487095700938
-0.21718183021426293
0.13966417119596614
-0.07144704035734524
0.008204307081164824
0.08623632125587574
-0.0902472419901962
-0.0606668595436609
-0.07100824462749843
-0.16276257584086126
-0.1275560421976197
0.10272808671487042
0.1451999705458759
-0.009455860471023994
0.1600511071874194
0.11887325624961687
-0.0069254125594265595
-0.03674690343302621
-0.0034753119505758177
0.15801312133406153
-0.03239533262694483
0.11369056824296594
-0.15466844869338553
-0.031183830273956523
0.03969055975400902
-0.046615753669812965
0.13495445445286475
0.11117742196319556
0.04418786108682585
-0.014515098416372007
-0.1161895125772306
0.07723897271036737
-0.1535965859101737
-0.03057562350736871
-0.09456098099673685
-0.08037913307035036
-0.019697972693359038
0.20240192080601713
0.03376519705218703
0.048021142584476637
0.14871958659185214
-0.07891062958966391
-0.18585790787759146
-0.02458438003885487
0.03915057637087062
-0.08923049382060971
-0.02525034811971748
-0.12469123900530332
0.11872799769112152
-0.08298924384724349
-0.10197000474322541
0.04698656032222044
-0.0356678633205668
0.04872781223312616
0.1335546723710165
-0.1396082588372573
0.0449044317617554
-0.09247001203783373
0.12034666771453405
0.04944845916884075
0.14160528530596614
-0.0032684897770470503
0.009948492290495457
0.027556678862242594
-0.23052794407058444
0.15489728357397287
0.11147480408786145
0.003550203138771189
-0.09052738178704782
0.08108301755435907
0.08510200473183477
0.08352225063344815
0.032332943720774054
0.2296503950183113
-0.14424429880194398
0.1447080794248897
0.09291719582095893
0.01148419379271489
0.027450102012215635
0.032903174591567594
-0.13630449627958827
-0.12389292395193331
0.02240309325765414
0.07258602554267107
0.07891529327374662
-0.05327014098333974
0.04944791995494424
-0.20624436071394023
-0.22545658667227728
-0.011069632021503972
0.004335581444730678
0.0054152880002342205
-0.018053448123974167
-0.06037445497796282
-0.05756423279929166
0.012046634716153314
0.10989291429546014
-0.03813824633681474
-0.08634868429871286
0.08631492834522432
0.10731359339327956
-0.15876028693814262
0.007265764984046838
-0.011193721278409749
-0.06603698559763876
-0.05692766161001981
0.08714757129399331
-0.12173540306700431
-0.06164279486943566
-0.04518757394454005
-0.0027219144569301853
-0.12855507167409597
-0.05327368673574831
-0.07751506067281107
0.06332324276748294
0.0654097436444185
-0.11244224739242746
0.08997133002862673
0.08559971920846567
-0.12786599297373052
0.16970311158002105
0.005695427613625231
0.09175439755064048
-0.007420868626565498
-0.018214431456814593
0.07153035381566562
0.021324669811733917
0.020683141166202033
-0.09936569551655738
-0.008239209716356478
0.1240798768943182
0.05224214158945343
-0.045819384713204146
-0.081833546526873
-0.13578831802237654
-0.03240141999590905
0.08379753114020837
-0.07651685424981183
-0.07927430723117763
-0.07595866087306195
-0.06545123913230567
0.024958741619411758
-0.10051467208096034
0.01630648424705714
-0.09240248580973152
0.1152026091142342
-0.014344277158197298
-0.11330704690710416
0.007238215994465362
-0.07180805586312236
-0.03211694000762443
0.057728953953990254
0.08161375396826112
-0.09609104822260264
-0.062045246433427195
-0.04505863674313705
-0.067165224936766
-0.09015026525965797
-0.12040033550485009
0.008676826686315328
0.010174629364894178
0.11558594703790738
-0.020848375961791975
-0.05515612000757413
-0.08007884040218244
0.05400661616824403
-0.0665121198035785
0.062171473288628404
-0.006281311918201974
0.15509054144929957
-0.18676837883245534
-0.017443799141920294
0.005889265023209004
-0.0005690123018043743
-0.012353824420134954
-0.01578797637021817
-0.005141576374537936
0.0027685073386560424
-0.06258934318611625
0.016592454209801096
0.04321106726243158
-0.036535814893161475
-0.09988715463774507
0.0633414960809829
-0.02176727496593697
0.03852275221562854
-0.011109943794580787
-0.05088343929513181
0.009204885307652486
0.011474044272857803
0.017810406369965736
-0.007933743712764351
0.07374125928577528
0.0533978773760854
-0.09351904319059313
0.031872070374636366
0.011116093077521922
0.03315461233164174
-0.04979594597876297
0.0955964014892694
-0.03549116108448377
0.009627608225539265
-0.049762705255901984
0.02079931661256698
-0.016193436662202083
0.023861585678947497
-0.019440719278450196
0.001259061023224158
0.03779012340384273
0.09167201159954574
0.005601654488795636
-0.009600574937525341
-0.08175484681956396
0.015620543942854656
0.0852074054659897
-0.05883672641240232
0.10949856799338756
0.08302535987570411
0.023229403533090002
-0.0585911654596539
-0.020150029158470188
0.02743993851934013
0.01269341313447883
0.08065528649607387
-0.08078784464436224
0.01655578373027823
-0.02517045070012877
0.06236390354571663
0.07072899477337431
0.05448440094257953
-0.05556700999837703
0.03579385846152325
-0.07674548297882935
-0.06853856159789258
0.026313859519035143
-0.057409895851513154
0.03241255952369843
0.05387997335614171
0.0156395834275449
-0.0626324074139971
0.0023446314962332106
-0.06428091908354085
-0.06649854794315387
-0.00909022649306909
-0.07088660749078249
-0.04531609514239007
0.09041915697715557
-0.07906767544221914
0.11064682018455374
0.051711188176086886
0.05359556109237689
0.00461631812310088
-0.0005453904960121056
0.11356116284250564
0.07990814699508755
-0.008872577837644054
-0.054883573953370735
-0.04395480264180554
-0.03087203573469129
-0.048433836603590574
-0.04047625573273443
-0.0029080022628136027
-0.0660327561524384
-0.008682987652356752
0.005714971830131132
-0.01720955447132853
-0.0018785465953229585
-0.010077095910207367
-0.04690475222565197
0.05781758869559217
-0.029128949340655342
0.012275802374446336
-0.021664160772244798
0.08150084628799144
-0.02842501385597615
0.021605535321598514
0.024996469765580374
0.007884247411707802
0.018378957271728363
-0.009459974555675895
0.03521056533515197
-0.026653456088512464
0.046612084567205364
0.05365608707234057
-0.03546405962140049
-0.024419326857580442
0.0001701767220673289
-0.009137737283290825
0.04563073677486815
-0.06645874251764312
0.02624145814128466
0.07060542768065642
0.0984218711342457
0.08086394527813644
0.014494415909305345
-0.04630687900390834
0.031074861325685706
0.04257630284032467
0.01896236150900189
0.0010908249181717723
0.003314652889317817
0.049136605221742784
-0.03766367994723125
0.022564358461514042
-0.08822204813227937
0.004853468648659579
-0.03564332018925636
0.005993289984761286
-0.064752717712953
0.0224473980380331
0.03228971783614449
-0.04365580403520318
-0.0014944750633553979
-0.10647899523362458
-0.10521714843309796
-0.002480748105616337
0.02662610217670195
-0.04868773746267895
0.003353954468989065
-0.026182967552045317
-0.05085409869218617
-0.002734513440855047
-0.03944614136675154
-0.07146033914951075
-0.00879045635993374
0.02021772350652208
-0.017055713239032648
0.0020772168093652395
0.04407815276959995
-0.03866812503256448
-0.013957570860180915
-0.034481312273036885
0.0012458250986015695
-0.01881028107756544
-0.027159819429453044
0.02679860142562497
-0.020707880045321907
0.06300822198385564
0.05145744482118312
-0.020244487175033528
0.02309988128119521
-0.015763391083370815
0.08267455363227812
0.03139444179879846
0.03889877666682994
0.025312832944056642
0.04997546646358514
-0.07104465939913594
0.0381507980641004
0.09252401484143156
0.05555273551695768
0.041855415242654535
0.09214778351370911
0.03641937043259543
-0.060810733502556925
0.05289697622770552
0.09927375371680291
0.09085997913739521
0.06068678287528815
0.0008534394993662041
-0.0161620558934263
0.046699342523277246
0.01655657737851646
0.09499848049108485
0.08560292824743748
-0.018607631951221244
-0.016057061063159468
0.021734382795821752
0.025793339540613875
-0.05382445427784493
0.03814974292544418
-0.03497510283870867
0.10737048763981079
-0.004567917651972501
0.057505451330005244
-0.03644437603710542
-0.06313321060071524
0.026440115959684846
0.024589492959130668
-0.03542861524245909
0.014726947124966248
0.07382193555404334
0.011434993323674175
0.05456117546192884
0.11505306760592485
0.09100864955075082
0.013290242699633695
0.06785815249716738
0.082350298083837
-0.02020104837382362
-0.013963965217455746
-0.02177740528595596
0.06589018977402192
-0.019072072613724806
-0.03381372942488932
0.08618500234653265
0.02564365623829439
0.026453152988309248
-0.12505984456583444
-0.0677127842659233
0.07311792657406874
0.0015362368227802153
0.07849368718785665
0.024762923539956926
0.06210230390548521
0.05564133852112921
0.06900046411220771
-0.03687818020979726
-0.09383120800242438
0.029911756836764655
0.006919390110535874
0.043283670853219464
-0.06733687235752107
0.01629298828899908
0.022059245702484725
-0.004110492961916884
0.024320992920892487
0.012782568649177936
-0.0018654221430307876
0.018693264508960774
0.03304083181648961
0.02958316485353032
-0.011332551929628315
0.07193143860825933
0.06837433230413079
-0.04944929275778924
-0.06059406238319183
0.037931436942426094
-0.03862644593150714
-0.04478284854644946
-0.07732352406028632
-0.03985962821384903
-0.00784261305229754
0.014161410118442953
0.03390792250942478
0.09463715802211228
0.015530063408918405
-0.06218685082795842
-0.021519513693675357
0.07470997656906787
0.03047428948348517
-0.020279152283134094
0.06673989539039155
-0.03316910891832326
-0.00014358552240107284
-0.03965737952069631
0.03465392889331301
-0.05667277475580165
-0.02535705401583286
-0.05730181061234967
0.04226244107589166
-0.02930797349143885
0.07900413972570416
-0.014408360612530063
0.07452676649129851
-0.011402910114542322
-0.07743998587328163
0.06921527763408283
0.05518323959195438
-0.05605543415347977
0.04458186593729674
0.04266546261572879
-0.019528452277514936
-0.004608214882410251
0.005790532250082234
-0.0151359173117138
-0.0539250067015272
0.13556686758610448
-0.07659193731468443
0.006516174759543367
-0.01578978400123312
-0.07990832190808225
2.440881044129532
2.462164717339371
2.7507249929440794
2.6906114494404467
2.508025604829926
2.753427426744639
2.9500486236342662
2.925560652718518
2.8513934644323857
2.8468008158816382
2.8114995809512826
2.8719695029019827
2.8274168661864576
2.9385326091433686
2.7736129355084858
2.651913379448287
2.7139810501412014
2.6461072818779985
2.6588797366695096
2.521779941733905
2.3137034235025835
2.4543719599239986
2.2256268553101686
2.1700388814856892
2.1434634032452666
2.0233462679604064
1.9682401437228152
1.8648353411223355
1.6394324653981074
1.678390504219763
1.4174665100965953
1.2379201439699359
1.2747327392449441
1.1088901185946767
1.04883910234381
0.9336822894172251
0.6329976986054592
0.47564816055937825
0.7678942600342451
0.3909899922334561
0.2097015139166227
0.23022603234105338
0.277737042672899
-0.013612295981639667
-0.09250140827975567
-0.3407753524083338
-0.3379962520129389
-0.3246765900174932
-0.47039846578442845
-0.6882145434350495
-0.7756650377117584
-0.9916149177280775
-1.1206465813587314
-1.2414146038136111
-1.0985352141933173
-1.3280957956611912
-1.4863726366573022
-1.438538691610623
-1.3798346152643508
-1.553695291764974
-1.8206330754361202
-1.809110133604398
-1.6192543514711986
-1.7195689758572632
-1.7810307099712723
-2.0291701271314224
-1.9823221432308842
-2.0173465693616555
-1.9484277933553114
-2.212908718028886
-2.137815515222761
-2.065451280951381
-2.088391364065728
-2.0640425748544384
-1.8650486458339557
-2.2218792492295587
-2.0813665633104317
-2.3008687278978064
-1.9559674620707812
-2.163441823691673
-1.8425698155817185
-1.8413394198402333
-1.830929941780892
-1.745051115898056
-1.9178840633419725
-1.8147354544656213
-1.7171298732593732
-1.680780811552712
-1.3720262304973543
-1.3826437768996318
-1.5186861680929868
-1.1128731616175858
-1.0792681212840054
-1.0539053922453883
-0.9898710481935095
-1.0409696099614127
-0.9107859410630447
-0.8719053320493461
-0.6524773703245023
-0.6244977678128466
-0.6185891575505207
-0.26122354043878976
-0.3699889871946544
-0.40537817731459436
0.058992126862856153
0.22125169830470814
0.1821120573989071
0.06024612650474426
0.2984516563750742
0.2608283917804011
0.3908029361451213
0.5386202995390589
0.4967446232573618
0.6437874080368075
0.7614415539218712
0.8396856832439291
0.760502814963282
0.9240364833739916
1.0089980259205562
1.098450088464254
1.0289622526984243
1.174443492030869
1.294036396210688
1.1711602482908736
1.086973623142167
1.0257431097593064
1.470910506387457
1.3356137194816258
1.4540261406081512
1.5436878872964288
1.3236852246364346
1.234718367245056
1.5659073321118964
1.5922407935960987
1.6082719673660377
1.3935140429147974
1.6425302149859564
1.6161907926247765
1.4958312821708502
1.543703737894221
1.596380292277251
1.287327079649105
1.4289018096254587
1.405134296485417
1.3324638992190532
1.3367531932234922
1.3027613455494518
1.3478242850291682
1.162725543451823
1.213271690694675
1.0249914800366506
1.0693898164402003
1.0511587631301402
0.9607792231478404
0.989595257017568
0.9712689203867544
0.8126571918602034
0.8010122584358408
0.8382523378952487
0.558407888428843
0.4933773626859244
0.6180227941516229
0.5550188667411888
0.27980437135273495
0.2332169219748921
0.4456698892199408
0.2938472679879619
0.24351049012197185
0.15591318561310885
-0.047907963216644034
-0.1644368230443886
-0.17300536288179172
-0.08678375083397688
-0.2655401660442304
-0.2325656927611734
-0.17563317309369442
-0.3671734819020737
-0.4226443999836729
-0.473219573001998
-0.5781796083233106
-0.6965563724768802
-0.6500047643229088
-0.7142535616645889
-0.7899620701201976
-0.8209567100876854
-0.7830781190843231
-1.0233201971815005
-1.090335990256848
-0.9938876426556406
-1.01402308886549
-0.9056738909310613
-1.182718136883121
-1.1172058696219938
-1.1114468661013712
-1.1289312698444063
-1.0430818364970462
-1.0242328733310984
-1.0027144370013072
-1.0980101597671805
-1.2925878973105973
-1.2484070555225502
-1.2060288484213455
-1.1098641178857662
-1.0563845206182214
-0.9060250620784156
-0.9388223405365201
-1.0132128313199498
-1.031698062913161
-0.9973826883534043
-0.9534115138413601
-1.024206015083421
-0.7725020779073367
-0.7933218171730517
-0.5869100336218641
-0.6059979604050502
-0.8496694227585531
-0.745255408889532
-0.7761980900555876
-0.5655062795924574
-0.5716193442264254
-0.4423661524733389
-0.5930344600277708
-0.40397668690491956
-0.3276399463916493
-0.3423078939569441
-0.28318483305254194
-0.2913117932950684
-0.198665420731099
0.05516041816349518
-0.23357169524507282
-0.1546381791835089
0.18452577595343117
0.21405237478852907
0.04801630509254182
0.1415883124507926
0.14328877921301186
0.21338000065655166
0.30359350509608607
0.17007657454938407
0.3022627881648563
0.40136129567258694
0.5393577981810251
0.42889510335548364
0.6686613905813741
0.6460601946118472
0.6255480729463265
0.5713347772212652
0.44142733441122095
0.6149845745280522
0.8411236104725989
0.7999798724907405
0.6238401414575279
0.6587834381925691
0.7033204661920894
0.8107267377498797
0.6445613414311739
0.7624054203754673
0.8299828320567952
0.8318206859628139
0.7431423824090528
0.7380047768654387
0.7634798684508961
0.6463182857938561
0.7969131723404068
0.8163291129160783
0.9649576196732157
0.8166860419504991
0.6677008704641552
0.7939465407845421
0.7151491800055569
0.7360811761900474
0.8053077369739967
0.8288689708774001
0.873779124638141
0.6530169267285848
0.546478499176096
0.688649831411755
0.6712766242283155
0.6321712804504579
0.5641171674283149
0.6243000400141056
0.3826592879018239
0.32523409249370616
0.3975838993394902
0.382028169449964
0.5119271831541522
0.152430013250152
0.14667051790626734
0.21644070028369716
0.2516960598584999
0.05438818998295575
0.08098224544411325
-0.028419304257168973
0.10714482065673891
-0.010332842427019904
-0.1596065531559902
-0.10643790320004046
0.01002752163771052
-0.06428335614852652
-0.21627442164932137
-0.24880481825610545
-0.10338655829073025
-0.5991454775666105
-0.37065619558061463
-0.12160269046326716
-0.4597139483191283
-0.27071659170653334
-0.7305716251249408
-0.5198974233503618
-0.3601067845841223
-0.35719994972083624
-0.4143769551080358
-0.3596339937868177
-0.33575891165429805
-0.6082238814009953
-0.47777999716829944
-0.42320931152444097
-0.4801689443354782
-0.45401908492619236
-0.5450715960326608
-0.6025513145549003
-0.7006932025067314
-0.4529553182111725
-0.4765105297296524
-0.5852972569585504
-0.5980631871443588
-0.5397833600012321
-0.6079655379286795
-0.4018464009250141
-0.5966380973899149
-0.737202530753042
-0.6345410735132864
-0.6359853042227552
-0.7391927243872443
-0.5748279076822288
-0.6560253208226934
-0.5432691065530623
-0.5328183039380191
-0.3656546453610525
-0.4422015342937093
-0.43495801420132296
-0.5683729709201646
-0.3917063496347971
-0.4507525830371174
-0.17971603332238031
-0.38402487917781514
-0.38026138255772846
-0.29273805523682994
-0.13293197784096877
-0.2663816079445848
-0.20051409356071914
-0.09502150478567659
-0.13039937744909624
-0.06555374283314078
-0.013453265205870868
0.0009632056953165838
0.004951453991127702
-0.02250928402352432
0.043932635450778315
0.28680416242571527
-0.0678276524873657
0.015003965887176784
0.11961525553665266
0.1332097440656617
0.08892413837258754
-0.004853515108192041
0.45274381136283914
0.19484808312139706
0.3751780813117749
0.2567893886276726
0.3534639023718086
0.18119963932624095
0.07263791148602852
0.2694983525236218
0.38970725493819347
0.4397425156563813
0.3347388011359495
0.45437736838086124
0.37163354494082623
0.49213096612551144
0.29821794023284637
0.3152771548035587
0.22935751422627007
0.5463945205104781
0.41470734503263895
0.49821572207992165
0.3917656213949688
0.6107077154036258
0.5281998328733192
0.3894905620055153
0.40746169717942904
0.3322840631646444
0.22457548839855845
0.39488781619038094
0.23680968978048622
0.3744670396534535
0.38720733434195465
0.3327554475737285
0.36626298074680974
0.22982982519265682
0.4188942255475664
0.30083641351055024
0.1985576975577676
0.2220854269541795
0.25797360695065696
0.219781369165668
0.06343857428518296
0.2320273422590953
0.10963521044662752
0.08203357632179506
0.2453447497537775
0.2039261195258634
0.17842718685360417
0.21664697849948872
0.10132901679928734
0.18651003604438704
0.02413577178830402
-0.06747814004146496
-0.06479719490958263
-0.047094542065296036
0.0031507246401813746
0.05857934389341088
0.031128402316103865
0.05266646987707487
-0.13610198253124908
-0.08551447433248073
-0.2586846440727424
-0.19285507595546886
-0.1368474794057456
-0.24908736501169731
0.01580842205682273
-0.2780437694883817
-0.10116462003523649
-0.14311081575150508
-0.2705329946070864
-0.09287326282036443
-0.14125199260254617
-0.25445800655728157
-0.3683917355843297
-0.24810522162289192
-0.3106993795049874
-0.18393861979888287
-0.23264098097280428
-0.2602516383650354
-0.30264781607207286
-0.40954132731879267
-0.3558557470175049
-0.3615632577259124
-0.2397743507663294
-0.2384437106982148
-0.33544035797276606
-0.43798724411657114
-0.31359201988523044
-0.3195750647109392
-0.20907048781717177
-0.2969527571899267
-0.08098539550300968
-0.1139409886675044
-0.29460273887878763
-0.3591742464618472
-0.43433119483704075
-0.34359844871832573
-0.24879497001791828
-0.09745349288705504
-0.26164528988868974
-0.12721678837472455
-0.23285243984864917
-0.1490182241826764
-0.0979594146379246
-0.11659553438302504
-0.13365996134113178
-0.2291641094852767
-0.19623668044312748
-0.23977608097038788
-0.21601197203970746
-0.026299470962675986
-0.1451982775973793
-0.09556959859802382
-0.04774118933932589
-0.05366254359883871
-0.0036780704074758294
-0.09499090616366235
-0.021545643553778894
0.05587282416041691
-0.024011450333360225
0.07915108787882301
-0.048340749095621256
0.06976034145746748
0.07384370454883613
0.24776203455934978
-0.16151228849297627
0.04165104378277662
0.17625794773418144
0.08485592467658984
0.04833031597611198
0.15533216734721272
0.33218960320192786
0.21550664282035598
0.3764224931418324
0.09586763996539001
-0.024539041267861522
0.20245584506611913
0.010851270654529538
0.10039555830083487
0.27644656069152157
0.2059506538517248
0.31326087220700394
0.3449973517113696
0.27202138361267914
0.20211784278085917
0.3404142083623888
0.360004758448509
0.05360871013804336
0.2270131703713027
0.16965426431542588
0.3246352583863728
0.23710212279071338
0.2667579266854717
0.22910884656188144
0.3761847836955188
0.14948837521746194
0.08704397434712631
0.2279376326745125
0.22098142012067273
0.21268010454328642
0.22902284907169315
0.11424427306084492
0.23919223884103236
0.1662238443801443
-0.016516480185136795
0.14265642298913145
0.10797803503229311
0.2278514886083666
0.1817677940961808
0.2570159839205847
-0.05523299529226344
0.05746381206467764
-0.021413307814073537
-0.011032570873213923
0.1395439021544887
0.16183934591615626
-0.03199251159212665
-0.08538711925744338
0.15268806521273917
0.11846532540035466
0.07641713413629755
-0.14889416232647706
-0.1534092125952426
0.09985462934594612
-0.03541436298172835
0.0687591002515365
-0.1558456799513858
-0.024955981080709247
-0.08993174014902089
-0.09731066507216905
-0.042005444511609154
-0.11272937748077785
-0.0929846671315834
-0.10859297749865235
-0.11981581100645688
-0.3042871623451462
-0.16104086518411642
-0.15865762166445038
-0.18229841388577717
-0.18261344962034376
-0.13084561913607032
-0.04808619495930551
-0.18234991278167406
-0.13394773980915262
0.045318040649405145
-0.21926013473922787
0.04061730904048144
-0.05792215502123452
-0.16520479590850182
-0.18766434711102392
-0.11381761111048501
-0.36595792856577714
-0.27185327072767607
-0.21548811647715374
-0.07615878150002729
-0.19615533618709682
-0.11274219009466226
-0.23634948749979273
-0.09890828677939653
-0.15134184183562327
-0.32477003284974404
-0.28421732445569586
-0.24424073468990037
-0.08743719810943688
-0.3482025193621307
-0.1360730593023389
-0.14287113596233
-0.2036831825128096
-0.10608612479490517
-0.07560583323923145
-0.12018499599002203
-0.1056010103064125
-0.015378006593890534
-0.013788515384779917
-0.19950515539561187
0.09942868747746017
-0.22187722566271464
0.13931898311729957
0.09421170636269127
-0.01369168286586632
0.05545368462195317
0.06268196822939741
0.020848037540924104
-0.041363648370864314
-0.07090368842650899
0.13611627049654135
0.09812901585177065
0.0742749509501885
0.1257601920704244
0.19225121470124146
0.1315006250887155
0.1749280307287422
-0.06779192641881099
-0.13787041274033635
-0.10720220631805613
0.1341116971802728
0.12075856416975053
0.020977719882876777
-0.0542959710271623
0.12669182085294134
0.16946494117296956
0.31095460864201085
0.09948748179209663
0.10080075472756717
0.267191662176965
0.18615805411675296
-0.03181977873283899
-0.06245761825906773
0.1869188374449811
-0.023543456198612853
0.32344116329772377
0.25166580209820544
0.1987706621579429
0.18755556429984782
0.20202666074302472
0.1388479160362289
0.17983974426198818
0.03554808924810188
0.14462490301979056
0.07558519972413016
-0.00243597988627782
0.15120678985069258
-0.02573841252873872
0.07809161367340058
0.1391276209993999
0.17411112749665086
-0.09590629758229362
0.05389870581980814
0.06290088211590439
0.15400297615454592
-0.02607627637776362
0.08841949949438094
0.007344717150928534
0.2240897248066697
0.32276786742180535
0.13639849351011707
0.0038547197385004756
0.08584668898736536
0.009187745830115175
-0.24445942130699966
0.0656038852631495
0.026534509466108237
-0.009403404498921294
0.09392701411015392
0.06430508817181249
-0.079910527883426
-0.01129265605909979
-0.039434177836629974
-0.11315930627426257
0.10297501217420782
-0.013125986191544595
-0.06158129422595021
-0.023278548197295926
0.09744072698122536
0.019582022033414817
-0.06623982416632038
-0.0802125173090607
-0.18590837023041926
-0.08724221972312514
-0.05216456732166838
-0.001936774246184228
-0.11233649670143754
-0.10106652705081134
-0.07382919319858916
-0.06400038171086084
-0.1063854948006735
-0.14674028005430456
-0.04203354179207801
-0.1401900191121696
0.04198050252062972
-0.07608622673130848
-0.13601655028307746
-0.152216004145101
-0.23882211826723324
0.05237191690108317
-0.16262700688255682
-0.1988053319634585
-0.038054222345682134
0.04280281970765573
-0.23580968804944713
-0.015432330891667581
-0.20345106812849273
-0.15242960786843993
-0.10119221234484865
-0.08481772619278483
0.03234741064364288
-0.19783850343806875
-0.037408142762342465
0.003428620837682389
-0.07281505049872217
-0.1645732339906889
-0.11811148355422114
-0.14541755105626195
-0.2323651124088373
0.15961293960610567
-0.0030532258002108417
0.10879471141543307
0.05323805182268468
0.16740295317988568
-0.1425598218997585
-0.06373722364282382
0.13207290992987056
0.13806177124530528
-0.0004947731364439954
0.0030986289329670014
0.015668332086597334
0.017954074741574188
0.052887194159121936
0.09605063628482359
-0.010303907492737636
-0.03705052163634996
0.031419985044650815
0.06147483340397511
-0.012447501427959877
0.011898266370516233
0.09403688733015172
0.04636387199867979
-0.02063059735687382
0.04327535683533299
-0.1406866332637382
0.2046392737690042
0.06852760001420245
0.12116397708444131
-0.04957118216192967
0.2508096952654405
0.06514868517168809
0.005021917694722072
0.0037660108686942625
0.052268309437512366
0.07155708815834486
0.17707601924969413
-0.003992625696221316
-0.027402263812464224
0.038433704185655726
0.17455780310613667
0.07895218010946199
0.267892374677214
-0.0026236905248012837
0.13958656138458475
-0.07500765065372395
-0.09118677025067316
0.10392407842547882
0.2821471998660258
0.16446097653867048
0.04497500647592945
0.20872520902933964
0.017215995182508888
0.031220098985118256
0.11247263725094062
0.08305725339575552
-0.02837577096807805
0.05938970323386329
0.08899629400593737
0.16514985237702387
0.036320545346048644
0.15814334225217042
0.07801198321743782
0.14797633336582672
0.10050815574400851
0.036452027386328585
0.16542000750286545
0.0885798741548536
0.023403526633534406
0.2096270502615713
0.2906052853284189
0.02460152003455873
0.04532320369015021
-0.02979825784605073
0.08624022965328812
-0.08639457349412603
-0.056938275632624456
0.0683760387909032
-0.27638751345767126
0.010062938934317388
0.07624897849018825
0.21985764521562376
-0.42212104802592015
0.036183121337385105
0.0829145599625026
-0.3511816388790929
-0.21225112431927146
-0.1970123654845317
0.07588572447322417
-0.40908314402809587
-0.28868069885962294
0.5213891739576032
-0.05844914112598868
0.6341442952810983
0.34282029002258174
0.013804209281383997
0.3207068399493903
-0.6161570864339252
0.029923127297459204
-0.24738790740640693
-0.23147808055250982
0.06485660767080703
0.4645369238311813
-0.5648416073491356
0.6120199639910808
0.11082310993640923
0.3290618127247461
0.18944558724150112
0.3979678899122593
0.2998444726494631
0.9561236685658336
-0.27737698809875455
1.2122701431283773
-0.3302215057195272
0.12537112078300566
0.7028710205444204
-0.2767723939719783
0.0468865573481807
0.041701653073546285
0.6519222594253148
0.40968305866971316
0.9464190042386305
0.5160415204445176
-0.20959791562689556
0.6064296777546528
0.5402242938850496
1.1639919651841406
1.1902844304274467
0.1355096444100532
0.16831545896031053
0.5130688520750903
0.25986050827245777
0.46310938913724
0.17538536228189427
0.46107504473787453
1.056253330662513
1.0809346408337972
0.4611269875809194
0.12466463356192614
0.9906731350819917
0.4058036801087179
0.5758551380984785
0.6739538516041805
1.1554065939838156
0.7297750301177894
1.4943082579455713
0.030361628434747878
0.27500508480446395
0.49325021374631384
0.5409281242316589
1.3571810430711104
0.3516134720010779
1.5210736594015766
1.0902761503462393
0.6317513159056383
0.712438720065077
0.5218856411921802
1.111349639048304
0.271813485536789
0.42692302438257923
0.2488283267498027
0.19107019869846376
0.18178937852424026
0.30984815612708627
0.04128879691451004
0.19276998976216925
0.7291428051670878
0.768626902226111
1.0845038550149693
0.1975930684414806
-0.010029061175415077
0.3236414534428579
0.19998947974258685
-0.2129086522650759
-0.25286355749549466
-0.09092880346455023
0.43022145536548495
-0.4405524039134697
-0.17419740349504978
0.4518597497391019
0.24341576626628972
-0.6579322636974544
0.024286027215330408
0.17415490965910663
-0.05013718424241384
0.26120902438166216
-0.45463741275258507
0.03153330319142639
-0.615647882448745
-0.038613736107443064
-0.6774785322253631
0.08998594168201801
-0.4683220366834082
-0.7693353957180618
-0.44900410920701606
-0.686150147807708
-1.017800710580345
-0.8426888568187445
-1.2942275665308403
-0.44903348920687924
-0.7017345296725358
-0.8379843058906356
-1.191040455846732
-1.3010336734221393
-1.5750552787626788
-1.6218485304525596
-1.9200421320869352
-0.8132410290933068
-0.9773086007308376
-1.269284828648683
-0.7981323290508687
-1.7291367265627346
-1.0581704154338338
-1.5604629430184376
-1.5942972372722595
-0.8420027688053718
-1.6944774570144383
-1.2381081515796644
-0.9797778924195761
-2.071651446380552
-1.55537604264352
-1.8685053211967384
-1.8675195545049812
-1.8871654908161222
-1.6072757610680144
-1.3054157474550756
-1.7425355558368427
-1.5592038079747712
-1.9850801690610633
-1.9154091988833155
-1.4810124654337729
-2.1166357476744144
-1.6762812117933032
-2.067865380271731
-1.657638886898361
-2.1969761504314365
-1.3002698974809586
-2.052066402253014
-2.206710819324589
-1.2413398796479527
-1.6576737500657335
-1.1765749234764284
-1.4272857866206055
-1.9384653250083312
-1.369246857568037
-2.038116722861077
-1.0627713199896214
-1.7531090508083185
-1.6004412992403425
-1.548034992091054
-1.4526273680323192
-1.0006022604778124
-1.7755404556528345
-1.9346544570679027
-1.3093244783855613
-2.056479484147978
-1.7862132755666273
-1.4868026931649347
-1.623737184711794
-0.8018935917416221
-0.8966120141710681
-1.0145359229204851
-0.9458399075418223
-0.9300243182821177
-0.8877949254391957
-0.8798960627655737
-1.2976819307779202
-0.969054215840015
-1.8163901926811117
-0.4649876603026605
-0.3870846466761131
-0.7457639172457613
0.10629587240635885
-0.2793740565099268
0.06618602967218962
-0.5268875765969687
-0.209334098904122
-0.6755952203910727
-0.2115986498042124
-0.04423583295773344
0.03335319551796985
0.612000475743985
0.41203537742300794
0.5460508366691609
0.35953948546770714
1.0133311992116218
0.35596228513560063
1.0149614432452216
1.0542857281924267
0.4713034483159045
1.2904380194174436
0.5165745684063111
0.6082103321958616
0.698201460958505
0.7802651331398653
1.109463301101107
0.8889009575520634
0.9906554643897517
1.7477484513156873
1.550599196403151
1.740029655431177
1.13810408881828
1.7393539509742237
1.5524798764105878
2.32881707356709
1.8778961002386667
2.521064180938179
2.527322362990343
2.8222267609615255
1.9178997339977544
1.7177369307007142
2.347155296399291
2.2332359520316922
3.322662695791625
2.4451147198243395
2.786437288548679
2.8065744859737025
3.7567277568481803
2.3662439007352005
3.601340532335072
2.5001195016834448
2.395617469161841
2.602028151318197
2.0224877254806657
2.2831312031379363
2.2246630492984694
2.8585823895592037
3.1092704036720824
3.0596860496587146
2.413156402567615
3.0029021531820943
3.435237914753106
3.0314426218073165
3.0012118434876602
2.584987853610242
3.2576926077210007
2.649518414553576
3.0450915400952336
2.8865646245065824
3.039763009055068
2.2261445295462052
2.625353531571097
2.542890130015915
2.311597008082048
2.854943890809613
2.9134031595141643
1.9869763735578414
2.574755332793618
2.5153959570496096
2.4754179215142824
1.8356294973658525
1.8721617194764064
2.0239422631758246
1.6180631815278645
1.5047543118947462
1.7905147847581306
2.6779892909507397
1.7317133289340787
2.0985603591120254
2.2281435460638312
1.6145463912767162
1.8037055623361269
1.5972633093602142
0.8255907098214661
2.0517612643175585
0.7433117934012526
0.750396731329583
0.3668085884100286
0.4077731929576647
0.8643852440171967
0.7233014664075276
0.314720591128468
1.6381009839168543
1.208525000577688
-0.4305544198316096
0.28818699893014676
-0.21120951820794331
-0.4233996473150389
-0.013816992934215927
-0.8218993852058182
-0.549427117494874
-0.03300283753712757
-0.20774311878480733
-1.440912069884366
-0.5028747746670724
-0.5783918829281834
-1.6891927033506846
-0.9314841384186354
-1.4133311158309145
-1.6601305984471408
-1.1101982739297775
-2.2029578498050073
-2.1844728226862236
-2.0110626333417327
-1.4865325834509784
-1.4424850314918554
-1.9971144049715281
-2.440244023576862
-1.8294786370490184
-1.3072384486433863
-2.343025668289565
-1.243143197569368
-2.9434005580376965
-2.309845741010558
-2.7778173903602394
-1.9302082819698474
-2.08684787007729
-2.4932404074566694
-2.5689530795965907
-2.875457865457705
-2.8150770592701306
-3.138045939695054
-3.0275034942654084
-3.158058375836646
-3.5543559578699613
-3.483469703228771
-3.447698169488453
-3.8014894251589606
-3.372710832189453
-3.377011222917978
-3.102270431521358
-3.2533924752150685
-3.2130458884753845
-3.9738054485971754
-3.4254112271986012
-2.7873282729443516
-3.670452787981963
-3.2806227315280454
-3.7238607097246166
-3.7210263072416105
-3.739347592019518
-4.423254553880652
-3.7404882361347265
-3.9527574770855973
-2.9430844056495182
-2.8883875751926325
-3.4519132317464685
-3.6044699992459766
-2.929507100936693
-3.3154534012666494
-3.4266778125033577
-2.489927856815757
-3.408448223874356
-2.6430583374683554
-2.425089280894468
-3.095328185884395
-3.3151772698255786
-2.6656588210409864
-2.602444212478116
-2.7960817801631648
-3.3330606141090833
-2.2726723310324917
-1.9183192168715548
-3.134026158975054
-2.110789601433128
-2.141160334461601
-2.767803369105434
-2.38751657988242
-1.8022202901568356
-1.9725084337237073
-1.8540665989690202
-1.6027116336838396
-1.1845034986023033
-0.8927863185879993
-0.9354031760422739
-1.1738479592720206
-1.2971672095075504
-1.5728144498427539
-0.8207650965341482
-0.7138986477796142
-1.3092919318715905
0.054789291928069805
-0.2253025188653363
-0.5196111050964576
-0.2569133956908458
0.15843510064861022
-0.20957448710227752
-0.48906455110607583
0.5367383311562457
1.0166220509481898
0.7136425670581417
0.8703620363215377
1.452049829083293
0.9138717656124227
1.427539850191027
0.704292784757402
1.6067081058774113
1.9236119330115231
2.0184065700546
1.2582998450598715
2.129584669882681
2.4006256435883975
1.9177700437931104
1.6349090158448683
2.2202588457662276
2.177220359719695
2.670486053427968
1.915196798678561
2.6074992504274364
2.950655174775534
3.1100908195060137
3.024703536979795
3.054197014885906
2.692518709130809
2.691244154318574
3.3856016699827496
3.8133693299930718
2.609422826023557
3.768849120228353
4.054868909922785
3.3520804489990477
3.5821014295372056
3.5308264806564194
3.975870624783744
3.7576102349101017
3.375495484414277
3.4423695066431983
4.163757009133603
3.596206230609701
3.8318865461605407
3.737586335593439
4.239065294107773
3.5577526596647564
4.80801749522613
3.7355226399962245
4.0919603515980505
3.99039800535305
4.3401060264003135
4.656548178197678
3.88681347110081
3.727131519316499
4.282020062037208
3.386335154181133
2.8244598330932273
3.998998112834237
3.657795902083148
2.7558624241383463
2.9965131427735434
3.210025785559611
3.280589507796198
4.015712887293802
4.028628446540959
2.8068945598458512
3.8556709481670377
3.2127361916872874
3.15165526291944
1.9792703781643912
3.372169745023906
2.4852101786177685
2.5715700721241057
2.8367887193992876
3.0070171612870555
2.7761907376782107
2.2557304589069096
2.603907680089705
2.4199652924908173
1.4218111635209139
1.5397010213621487
2.3205690852182133
1.920453944056022
1.349012836839858
2.0689256319525664
1.6857963057475451
0.7523738245091217
1.5548517698497637
0.6659601309499514
0.3952061171785115
0.2684611541754679
0.7210100471743764
-0.27441284064142124
0.1967652102260835
0.5638595738446309
0.6370471803537064
0.4969336194636871
0.005079707568843371
-0.15475731887622554
0.20157046852461824
-1.1749722076041074
0.004754720163909987
-0.7946193633451861
-0.5293076484148311
-0.9526625150529072
-0.757665081582292
-1.3074023335393201
-1.8750600106721558
-1.3644325567647073
-1.6552658289959228
-1.2296448223867706
-1.3167587975250479
-1.572896659086129
-1.7130525652070931
-2.6504353055638417
-2.2291237402739243
-3.080440693202647
-1.92307056993356
-2.3488753665331923
-2.2038594440247814
-2.395516648991279
-2.671707654489194
-2.919301293115101
-2.859892658652433
-3.057517517072747
-2.3849148299338987
-3.3206822179316715
-3.1546662890991564
-2.6001262546480386
-3.420432335015328
-3.3907901164747996
-3.1847946614855993
-3.092016047566039
-4.452667143377565
-3.5599852375422376
-3.699747281847909
-3.62758399807843
-3.4988101180311215
-4.516159072472737
-3.816397405882844
-3.915972088665898
-4.811549678294917
-4.733690240467277
-3.149523006971779
-4.414539545413384
-3.868509693366369
-3.9052969634708417
-3.913100931793165
-3.2824539393876373
-3.77307085232308
-4.108943409011363
-4.216413602661912
-3.8691981275987937
-4.104429050880017
-3.617055917719757
-4.310490825230913
-3.5176794146856927
-3.6405106712990385
-4.095546852209757
-3.918558768917942
-4.071092143499647
-3.462321753529108
-3.6384610659350227
-3.2426260021232127
-2.9088193035477574
-3.1038288086773496
-2.883613191040906
-2.9481723599299094
-2.981648608189698
-3.522954696245027
-2.6744876450679187
-2.673505083367198
-2.7035839798134833
-3.5032155882899056
-2.289255043283052
-2.8932838313140548
-1.8450228732652965
-2.8220114846835145
-2.079111044530658
-1.7524366189820573
-1.5308749938005621
-1.8035326100395492
-1.363714310815626
-1.0737376960249523
-1.3482222709167553
-1.4994526834698385
-0.8956667910472751
-0.7715959285499439
-1.3847351500543055
-0.7393952785142839
-0.8973990402401267
-0.9355727418873717
-0.08791979368080466
-0.6239766428643353
0.2680210540833149
0.09623304816948744
-0.18867238842641143
0.03325809060903395
-0.1265555005742663
0.9079789740418682
0.2731886155899719
0.7156893630763093
1.1463452610282767
0.3485174169505749
1.0679053057387748
1.254900559498639
1.2440643322346379
1.1923920395968546
1.050254955670309
1.4543431894103287
1.3365790337885919
1.5103535697375177
1.7790043422501922
1.3224989263503457
2.346338346644492
2.0351487890319317
2.7252689894784714
2.0266101528481424
2.018078630797306
2.258507307763833
3.083422040523908
2.4918095440024635
2.203972953623906
3.1018178108147945
3.2620019913288067
3.512049117236162
3.1850691450697357
3.289046309239099
2.8484663564321884
3.2140494524038097
3.5186605481180386
3.717394586257862
3.296355669674485
3.8388953960721626
3.603435051268486
2.9579224926413317
3.3029626848462392
3.8773883749248355
4.1351339270630865
3.843656303977905
3.574117095068654
3.9355108873777893
2.670911281076121
3.293363285522972
3.373501687603783
3.50312247771789
3.3555685264847934
2.591665309658521
3.4710986013795275
3.8883175284780744
3.326166091317945
4.0162357312462635
3.203971312640502
3.6563026919024697
3.442785894089496
3.6267416354348554
3.6827051405868225
2.6738334146062006
3.2525340534191525
3.126896915004661
2.2057198407563954
3.1310759636494008
2.8752852056435687
3.312374417978004
2.6495802489304783
3.2508577397312948
2.2118074291307748
3.214293815276485
1.6579731562042999
2.1913876954703806
1.7524407901008414
2.226582225346381
2.6666543786828147
2.570222920029387
2.0250350801006993
2.4343025049624276
1.4444742656409661
1.6122696676658232
2.1666532868064863
1.5214456642623486
1.0289580993785548
1.6479619134451589
2.1064468612012397
1.5629411304538479
1.240693892278665
1.2653989375704169
0.5734287002625837
0.906948784478925
0.572153496451306
0.4992095032286522
0.49820183020384146
0.9047278529883562
0.026763449372429998
-0.1252258973111699
-0.4290705026454798
0.03259106105157497
-0.4182402379356186
-0.9820219276757932
-0.583188425725737
-0.6089769889970127
-0.6915323639832637
-0.22513426447889462
-0.9392278599544451
-1.212800643925433
-1.1285812952729253
-1.0541293231427313
-1.4628022736814352
-0.7800309483663568
-1.246653875668016
-0.7896015187048153
-0.9737199930921124
-1.8494305856010875
-1.3904511593660973
-2.6058196159881297
-1.6033933504749975
-0.8810724305825162
-2.0223968862680306
-2.75079014141908
-2.0118763623966482
-1.993465899912632
-3.0702320222927093
-1.9879284027910096
-2.633353919356307
-1.7283665381239373
-1.8705459691043163
-2.4532758671195998
-2.3002310297194435
-2.2938057419131406
-2.745089471777706
-2.2349108750432367
-2.648954425242374
-3.550359048590765
-2.469604201693915
-3.200369477323287
-2.642750381790311
-2.632116743972111
-2.6372645898763274
-2.866777638331291
-3.097946384681247
-2.7173038403285044
-2.138580009715435
-3.2787180909439293
-2.927280455417919
-3.323059107702594
-2.5892205297699347
-2.431311735752922
-3.167973380399861
-2.277842448698139
-3.765247232235416
-2.8850033271084574
-2.255261922186968
-3.2758933629702134
-3.363738859153333
-3.2007753545196125
-2.8311793828306775
-2.3862346980612257
-2.4527287413257954
-2.0257372620265235
-1.908513066964215
-1.444720474787689
-2.09740258208263
-1.953326640072509
-2.178588573693897
-1.8550907253865296
-1.9710223138010736
-2.9854454289816
-2.0355927369676925
-2.5660245183589345
-2.3998520752701444
-1.5752115094062562
-1.674767473567345
-2.32467357581731
-1.814693167350043
-1.4400378274800163
-1.4975984247178824
-1.1281585351065875
-1.675667602807445
-0.9511495856502512
-1.3086775984086834
-1.5966579672642132
-0.6761324946442204
-0.9519300868304638
-0.3589181682652991
-0.8599767043725379
-0.8538160183484316
-1.7852281807948869
-0.2578129195246636
-0.22688806259834093
-0.49800616318395985
-0.5683614826192638
-0.6899102657179874
-0.37412425278266326
-0.3814186921452166
0.42150614103710754
-0.7872080975226999
0.029077311132488126
0.6084966877569713
0.8614130075532942
0.3648177402765345
-0.16359446049734944
0.4221341400425709
0.7688778617960252
-0.02365186306875
0.2657752778363176
0.8773295220662618
1.1035438384118998
1.0947575391666389
0.7061579343272286
1.227496329148516
1.0109087407522184
1.1747856808079415
1.1600053839958289
1.5184136134549027
1.1325572553432846
1.259288180996463
2.0522217609010283
1.3888521857435692
1.08179750632003
1.4054759887754067
1.4243150398128201
1.9383928422457526
1.424169254473239
1.6382308033418553
1.704480085036896
1.3699619674828374
1.7155036304472393
2.2900404887464294
2.0188090177314293
2.257174546427992
1.7557561456095645
1.4696018198249647
2.238930855264256
2.7348544307515747
2.2591153281664162
1.5604766287923362
1.0765022155377304
1.9021084604640273
1.7202294149702668
1.5942391996527814
1.7846992724390704
1.2731718122838804
1.5111081530566826
1.5201875809904684
1.808138358343761
2.1343222491895992
1.1444962409356387
1.8295199246873357
1.3798554008008508
1.2121908450152814
1.039867056036988
2.2356284093915457
2.0071261926568575
1.2783233054906333
1.1028854251213736
0.9976488892772356
1.3474636534977495
1.274843627254455
0.7381657289207572
2.158239884614219
0.9977399527480431
1.6604920318629477
1.7865293083191272
1.755214124646789
0.8261388617301804
1.072436865616988
1.331494477601795
1.0520749587019453
0.4144126892815203
0.9583541110499418
1.7972829247387785
0.3803285569365924
1.7481238191932453
0.7086382053246649
0.5968333295426207
1.1616817764477674
0.4798358256621659
0.4716088478168805
0.2196889402411557
-0.18407390254669198
0.11329661911219835
0.7230296036344392
0.782945224357392
0.2694698066944816
0.2791544270448415
1.0470294577581816
0.13937292466502346
0.2541614765122663
0.06821586867901595
0.6116187835112225
-0.12706671421496696
0.3038972512155791
0.05758587308114823
0.47851786856459133
-0.47659936848686
0.08844815741977012
-0.18323484311699093
0.10076542593464619
0.1340642656963836
-0.013485494826050742
-0.537299645462078
-0.3961145156161018
-0.11382856776336414
0.06423001237399728
-0.6395936506096909
-0.9145035465850158
-0.016698642798629648
-0.8742344976812277
-0.2559388412783031
-0.2614036066366695
-0.8676637569544268
-0.363672282395542
-0.4350299705659635
-0.8613413133674448
-0.319231802309425
-0.5073423382064549
-0.24282642152263328
-0.6596029999356979
-0.5937328152040666
-0.4172904337246148
-0.9949238150792237
-0.9265195174342844
-0.4919321884792372
-0.9677068789912073
-0.7742455044479096
-0.15963262424368962
-0.1434604094809968
-0.36379590711608223
-0.1633870296936556
-1.0909088713989374
-1.502922790824742
-0.9091688325802888
-0.48518898612177763
-0.7295870726361943
-0.22265910836369962
-0.37720076923577117
0.2854377912281031
0.17612034394728526
-1.448502357001872
-0.7325636568951168
-0.5839175280006834
-0.7177513696088893
-0.7263513849309625
-0.9754356210097199
-0.14115711783422508
-0.723303743090093
-0.37604658191503126
-1.0657949987659707
-0.43218479971478385
-0.28480126776559045
-0.5476303110986671
-0.7805813359578571
-0.3925259877797486
-0.031389001573554565
-1.3180599006252762
-0.6320631718345538
0.1933393917187975
-0.9249024957608218
0.15172384009084688
-0.03622767779444397
-0.32658532344231817
-0.650136497600861
-0.5265621139027247
-0.583436127370383
0.3938636339459963
-0.5289325426933653
0.4043912725090855
0.6718837426715673
-0.7693744471585011
-0.3092363120596494
0.068090436851583
0.516797376073681
0.3148005218617205
-0.5619221145960974
-0.8016754856491012
0.016866503020626547
-0.21473865186039415
0.45906140589083333
0.3641380353817083
0.04793848737660917
-0.34354150144091106
-0.7933101953322791
-0.11256022495410309
0.27072080909876073
0.5742228394281507
0.040490311820199035
-0.48773374386652796
-0.004995165687737481
1.0296730481391956
0.31881952322844537
-0.3876158233284928
0.017638083702244543
0.15109598978942979
0.17345880875450914
0.5124217659490288
-0.3050483751999551
0.6077226974968548
-0.12189107068101611
-0.43933339631825197
-0.14580868760684118
0.17843826593571432
-0.22167245172905622
0.9211243677345897
-0.28303850976087774
0.2207672345699953
-0.3712091926930989
-0.4040385053686103
-0.15974504251437294
-0.25435570968345506
-0.4617888410329166
-0.231745749692421
-0.04119523624620397
-0.06270314258855617
-0.12511095627808672
-0.10946765936002084
-0.11638742186729756
-0.019746723107147507
-0.02071745374383453
0.14099449272879983
0.03327316660049707
-0.02505002903392308
0.10613922917155807
0.11269410730665619
0.2047619103182064
0.15138470690444222
0.031022419069558993
0.26296787404570066
0.12864270065857325
0.17020969382710355
0.24313014740601274
0.22447171983608205
0.27242650415898234
0.27334332730634897
0.1532016179266269
0.298060443287001
0.14339887229946094
0.07022093203510965
0.2132748205092344
0.1533356142466678
0.19866141816873614
0.18818754996022236
-0.008654639860454089
-0.06312940614971282
0.33091511145129315
0.054641151062454235
-0.027261465430105533
0.09134188229995747
0.2355740701973276
0.03954774366454903
0.0545511502656101
-0.10128686218750114
-0.007550237389744703
0.09522905277615759
0.037449849339844854
-0.0939609792743899
-0.09656727331861648
-0.2292624274474599
-0.27666357902336236
-0.31746772432941595
-0.0963424000648187
-0.24943621128788007
-0.3330974208535518
-0.21258234863136558
-0.0832268367496167
-0.18857299651752008
-0.38925245086205185
-0.3138584619960929
-0.06266140608922238
-0.10431777594259628
-0.10996743033603257
-0.30531296675652286
-0.20886896824128204
-0.19768115873078887
-0.08612453056664876
-0.3117355885321864
-0.20173528768660337
-0.09862076983777954
-0.09515869173013818
-0.048942372987283114
0.16720484161847404
-0.17735732172998697
-0.029620526617870117
-0.2470892073067699
0.09452383434418533
-0.12167438601110439
0.18494320546982618
0.16631443484754907
0.1512081267209342
0.2058864321616338
-0.003834867969179062
0.056760547040441756
0.1061980444968465
0.0888417025621977
0.338459185306271
0.26340673393048464
0.05779375565424802
0.38909059145485003
0.34345145084247397
0.28508630310492844
0.26117916624328674
0.11822020088461291
0.15294241237511594
0.09309995998423753
0.2109024893533451
0.13473133041537383
0.03435656602191102
0.28371230788346274
0.06562759398551649
-0.07996465397047757
0.2737503101450109
0.32533703027225985
0.17594237860709014
-0.055327485467045426
0.07475362453740275
-0.06929356661613459
-0.043631531049116684
0.002383087129544617
-0.13840222870337682
-0.0870099462676234
-0.061400613836290516
-0.07127055126803962
-0.23433501802436846
-0.15017375047526055
-0.13982513082300352
-0.1200039282744167
-0.25394669871423053
-0.1675801295720781
-0.101627384729519
-0.27256536314589286
-0.3991622014164002
-0.49710841960016555
-0.08294936498965011
-0.24356372857797737
-0.14482336788459244
-0.06926105981178528
-0.29788987822128005
-0.3901340097727931
-0.05702135221946927
-0.023732959981322632
0.004094672481405548
-0.1942330092301673
0.07562345524080254
0.07429676912660166
-0.017126863954491214
0.06334581998751293
0.1520208990947651
-0.11790659360304709
0.06564709374184054
0.08643710536830793
0.06062949688498475
0.11381690255473904
0.13049380576968725
0.22773848824715365
0.09608551967166307
0.20110269773789397
0.06809154346839728
0.16834245493477207
0.20634672682805452
0.17239906650749096
0.2576725634902739
0.2956739939668602
0.19312103018467194
0.23714262361468
0.3295497446103063
0.10428133399113207
0.09315963062033555
0.27098517139528766
0.26038512459516167
0.036763871798388
0.04093672372568986
0.303305741783393
0.20055339690823687
0.1984480922991154
0.15825756998085289
0.001038362499736805
-0.06966924155890049
-0.0331701974151471
0.09739375653868364
-0.03771713488518229
0.0382330781385684
0.13749586717595302
-0.012339310949771518
-0.026715065580145053
-0.03679611263075641
-0.10186134391411322
-0.18094897713578642
-0.09572905207806794
-0.12195486261466894
-0.16032004683115
-0.1546954661524848
-0.0809764474810699
-0.28622181446257416
-0.31915960268289956
-0.18963669214343232
-0.17779503002108385
-0.038668855446155864
-0.28624684812304535
-0.19269667825393566
-0.16045178701148677
-0.1531309112694685
-0.04428912413469981
-0.004395485065991578
0.0360841223443369
-0.04246941980878895
-0.22265765457672956
-0.16657039458750625
-0.11489448808717838
-0.01216015324681461
0.04504929792325216
0.19619635059173374
0.16115241455548796
0.08140084321471844
0.05437297825597719
0.0769112032549192
0.10583293188185178
0.01669498886557115
0.24675663702834433
0.20100838750668562
0.3792360260196542
0.32875719738907583
0.050555420288971614
0.11738553114309805
0.04590951774212902
0.2132407529558549
0.16107961690953182
0.24175392608167928
0.04014877419728369
0.17609983639884305
0.19736228428656494
0.1258677526491987
0.12663893115904754
0.05887207687365238
0.09083662019187223
0.2831919758541586
-0.067540441006645
-0.050874367118378186
0.22601979403983005
0.19353937503924312
-0.03397723821314256
-0.0010987934807314553
-0.05904933023943512
-0.04731760059163436
-0.01393139150556593
-0.2025125775188803
-0.12340806814568032
-0.07520192999451117
0.014284305513019221
-0.14212897340442193
0.05440776292732721
-0.008557738333974038
-0.06644261001741188
-0.15492930995392915
-0.3159220034813185
-0.17019234394336658
0.031426855812685006
-0.03089833673648447
-0.2248697800023643
-0.20441605635534563
-0.1710525690863539
-0.0715478140478584
-0.24240387504878114
-0.12611708176639402
-0.05705636889787543
-0.05080165045458375
-0.13224959725220642
-0.12747520527808626
-0.08954876900402362
-0.1918709997076465
-0.024207700385154587
0.014340630618669171
0.18399577133378214
0.058472173715459166
-0.06621825646517761
0.08569409393657668
0.033761703356236045
0.08258584470199905
0.1805644401626622
0.23357536393700795
0.308476815821055
0.11809870639984078
0.04219650760276317
0.21512455510832917
0.22850660462590805
0.2200434138380048
0.18241747156470195
0.2727247605543923
0.06082621682888699
0.032693971095926255
0.13383177990975142
0.14651461277279068
0.30406917295551095
-0.02837852594447844
-0.007707670876758679
0.08787010672108657
0.14831538723050022
-0.0244072168684681
0.02618755694438502
-0.05977153687246769
0.0987082815934394
0.003655263834086188
-0.12364595029625128
-0.04891591154850479
0.08874192922371583
0.03529668461948019
-0.09611430384114743
-0.10831090346504654
0.05723125452535896
-0.4185810710463107
-0.17029452023820868
0.09842953607940788
-0.22012133015889784
-0.011663822528499262
-0.4521561619395055
-0.22222147256100458
-0.04328512964538425
-0.021367967516795497
-0.0596987132018041
0.01368968004234744
0.05596467243357503
-0.1983982938265263
-0.05021004289342525
0.021680744130318966
-0.01845603807277643
0.023940709776950647
-0.051524598831629666
-0.09416474843189719
-0.17830601746158964
0.08249976306066409
0.0709844563911706
-0.02688612415717994
-0.029954905814034337
0.03670939965641301
-0.024492027917327148
0.18711672849756344
-0.0037592039352789333
-0.14205877841854675
-0.03885378454479266
-0.04153867550951711
-0.14782543312432997
0.011576067918175711
-0.076504051187447
0.02742517035639759
0.027090849646586312
0.18150890446041362
0.09026541632445764
0.0808828979722683
-0.07105378003981458
0.08524141348007584
0.004032152033487668
0.2511841096406518
0.02135076583373459
-0.0019572748955119512
0.05705103431009596
0.187012249827209
0.02251092330024465
0.05625149598308933
0.12868119606135833
0.0594505530050409
0.08980536345942694
0.10693349608546346
0.08605623786270143
0.054591978661230826
-0.008316128397288389
0.022847617772905428
0.23077319227686324
-0.1583115254460661
-0.1092822726512386
-0.03766978067545592
-0.056123024442187926
-0.13136436022116538
-0.2548723348990359
0.17434505266009764
-0.11046452104823569
0.044523426318090725
-0.09754049155941694
-0.02279058398232145
-0.21515674840005453
-0.34193766382921736
-0.16136603009928363
-0.055480391403183324
-0.017780245821410592
-0.13312083020490695
-0.021823145435843308
-0.11092622139140651
0.00516747328068537
-0.19123115686643039
-0.17478759244357828
-0.2595112434963205
0.06046562550575991
-0.06661426952928459
0.023084485215747304
-0.07568344946235768
0.15233522168699276
0.08019583684326492
-0.04695963979794277
-0.016359175648102044
-0.0779438438347015
-0.17120885175169537
0.014284455393278071
-0.1279876572272644
0.025990105396118526
0.055457211589470645
0.018034015352502653
0.06877186913474141
-0.05032458532994023
0.15609330705481844
0.0553224359528013
-0.029812475110776074
0.010646523192881452
0.06319156454969192
0.04132769412009804
-0.09906135980154449
0.08506842533209547
-0.022225482018272916
-0.03519381716073526
0.14227135717608924
0.11452056106579767
0.1022035982056233
0.15312656463405955
0.05004634804312518
0.14701881313589865
-0.003985993838987824
-0.08462357744505661
-0.0713266955306831
-0.04333258377263027
0.016918027953527204
0.08210595196733489
0.06420931053315777
0.09513792501027246
-0.08436300324660156
-0.02459150318753298
-0.18862365654067004
-0.1136670851705297
-0.04851175157539474
-0.15155520929593727
0.12260934170437664
-0.1618828805076551
0.024461135924891478
-0.007907114428625031
-0.12563586446384434
0.06182921772240631
0.023358114505411476
-0.0798537664947131
-0.18372871514347494
-0.053346610914146664
-0.10584200001389825
0.030981538493120728
-0.007738413622854594
-0.025496231308235542
-0.05822270537425184
-0.15568707367505663
-0.09287363346454527
-0.08981798209877263
0.040303925744898716
0.04947056934642513
-0.04025458021662226
-0.13616193736175733
-0.0058258423806255505
-0.006631860828676804
0.10822294009059076
0.023804074413115557
0.24229163307437676
0.21086093948711462
0.030681626266941632
-0.03449155773440284
-0.1113698905283838
-0.023507285970348707
0.06725522180397862
0.213370172541438
0.042759216751470014
0.1695767330093457
0.05514712037541539
0.12902138225273202
0.16897937465912766
0.13813478788424255
0.10779540510930974
-0.0020012889873660816
0.01567235836369344
-0.044018600389483506
-0.03723367905074261
0.13474836133155293
-0.0025501501730826256
0.028096692403605593
0.056452694013648594
0.030663691859397574
0.06048366677348881
-0.0511898087233927
0.0018009396811405082
0.0587740687727509
-0.041443317546565286
0.04160060653053966
-0.10569463019549385
-0.006983321676087159
-0.021780770418767394
0.13385731046201846
-0.2930095408386478
-0.10666892561585092
0.011961507830305404
-0.09450049430659774
-0.1451060155532527
-0.051147523873483786
0.11375214741713417
-0.013761672852481685
0.13748357918331755
-0.15155635598114986
