0.0005807880809632938
0.046634595108383456
-0.01981783558457415
0.02277909520977689
-0.016624798156743236
-0.05148060497831745
-0.0015249495975854536
0.04546544103532131
-0.005402543024914169
-0.0016195246259209997
-0.042021924245120544
-0.02666051372498508
0.014564580941232417
0.015774170988389208
0.02271688316734939
-0.05694795094778462
-0.016862392318920335
0.0027085627215375765
0.043681646372555595
-0.03743831529600171
-0.012099413443939956
-0.0013400807833219685
-0.06000569875008191
0.02043663370386722
-0.004160378165771261
-0.016902679484132866
-0.028359203837381483
-0.026732279618898534
-0.002550385152169995
-0.004861579233110953
0.0030509160012729894
-0.016869518602890356
-0.04878792505552521
-0.025033310050231832
-0.020988115911102216
-0.06549115412314883
-0.06686716385515791
0.010830082103835414
0.03787323205268233
-0.05728688293601129
0.010152217312885242
-0.023832701878898167
-0.029310915766092068
-0.007614531905501123
-0.03076515494440902
0.009963659587894198
-0.04243662524503542
-0.05154526107163524
0.047903870985336605
0.03283999049788896
0.03752337851916934
0.0336466772682396
0.022071135314271694
-0.01072901439707035
-0.010754058669683307
0.019146448918033722
0.007485488314276725
0.01621042852000833
0.005797067038610421
0.015949646826673602
-0.0666401703010588
0.039761888895388245
0.020578357090543564
0.019832965337489808
-0.00739603162634181
-0.01708446444505416
-0.00795396588622906
0.08719975141256804
0.0027648857242657146
-0.01872257412336069
0.01179838502485402
0.0021555234387372803
-0.01656993513540144
0.006677673776475493
-0.03476321691173634
-0.05352877330709127
-0.017617622653302
0.0004413205554096035
-0.021225724672160853
0.056552241432028943
0.008149067421357984
0.005954660950752719
-0.046635873012669284
-0.014412423411397457
-0.007837924646010914
0.026091065212719526
0.00508882459966998
0.02110408588343373
-0.04828470091325994
-0.006225913283645885
-0.0028888556055621534
0.004290181325551638
-0.019755407746028082
0.005686872819763202
0.0015867872888181546
0.01606413022095852
-0.013026731199395902
-0.009676995300299977
-0.017943568533136816
0.01671722443737201
0.018763813737015463
-0.015310935050678733
-0.006454545556710029
-0.06536164072029009
0.005629603852607812
0.03385435545410538
-0.0609085141560132
0.0021345834369745523
-0.007724271023966521
-0.033639690376988454
0.0025520304630914955
-0.0338744508699717
0.00653609321519043
0.021125019446632295
0.002932988689434973
0.02520418579190086
0.027202112198587636
0.03227731303057001
-0.03131542331834475
-0.003456186421284377
-0.034466430098927844
-0.007136407841219912
-0.02696249173772585
0.0026543069977840858
0.013242960798783118
-0.030770668901714433
-0.035454442398316514
0.005723284699803979
-0.026511480243016906
0.0015281423444556447
-0.003495961912371237
-0.01939919047656185
0.0272683099759022
0.0016242042077433585
0.012893082611139037
0.04221711703687188
-0.014090357450437331
-0.0011776484738760741
-0.030528239163962467
-0.04079273679258436
-0.015119063985613704
-0.03415717957044451
0.07816181940192878
-0.05955391174819465
0.010409746213289323
-0.0162020644650113
-0.0015800490566275232
-0.05340944794823265
-0.02646489745574192
0.010414330289840163
-0.05484032721328348
0.004028002625296149
0.07778767205219768
0.00829899030635198
0.020325420552533453
0.011864672324060072
-0.036993074650795106
-0.015172124481258894
0.011283353307163634
-0.02918270757894578
0.028812210479249676
0.05761502765912795
0.009805380424137288
-0.057130165008142955
-0.03460821895038405
-0.044512609045979624
-0.029107453662307003
-0.03274458659272622
0.0319625990346561
-0.004519562656430153
0.04465842213700119
-0.03014823850190592
-0.00041123665918797834
0.007820452329596668
0.015156105788141486
-0.05315217589508125
0.01870439723495101
0.0371921533247591
-0.02755443516992172
-0.0013046713608231937
0.020619163090599354
0.005388562604917706
0.012773303015616223
0.02768220376211893
-0.035129292887642945
0.029067172809256994
-0.02504333168166735
0.0220552437807
-0.024772703521034195
-0.03270092497768553
-0.03053680134201269
0.0015167351015226388
-0.03481053783600699
-0.026651334740857235
-0.026724641444810474
0.009298566214711715
0.015996237679818677
0.029964832081213796
-0.021899371275129073
0.028589247154272163
-0.03179109620159032
-0.0348716776091959
0.01649786035979994
0.056985578697361185
-0.04628968381473358
-0.013736621636664085
0.04808939027150057
0.01727054020801983
0.03762363016948271
0.007845156705960523
0.02251935252601485
-0.004319091699960224
0.027598610268250834
-0.009949252855354557
0.006030234269608835
0.009066103831281792
-0.027644146804230014
0.004028875452585888
0.023467835578618694
0.0037647207641813753
-0.025479756901351198
0.011995033259475372
-0.027358342341374183
0.04863879634055399
-0.043798418557958664
-0.010378751055911399
-0.0016448402166868337
-0.001132756554917882
0.02126025305432879
0.0024624702966376754
0.058867876901863875
0.002134183151732941
0.0016788577377258942
0.0038953871367907195
-0.030342744564171232
0.011552894538451996
-0.023599183667339933
0.027969836608453476
-0.008150204866845494
0.044447794761811786
0.018842531524750464
0.020437756857517232
0.021252943027964842
-0.01668101669291225
-0.025263768387365656
0.041416438722778594
0.019932541248506505
0.000564840000124972
-0.015009036712932432
0.039012946635783634
0.02621801159435887
-0.04924725940496884
-0.03550294538730636
-0.01954459367076228
-0.01855255464886805
-0.017728304135113174
-0.024958356583813245
-0.01991474004073488
0.007602449977838674
-0.011481623951418708
-0.019797191803444074
-0.0018196081146450071
-0.02665388060072961
-0.022773305716259032
-0.007663579289227405
-0.020132302760966815
-0.009910661389712265
-0.08361997983570384
-0.014934568472371033
0.029099926979530868
0.0061299402445982466
0.026468792287973872
0.015744894861649504
0.008922962861281275
-0.011638951582692054
0.04025072447310851
-0.009158308380626952
0.027998013415339175
-0.0004846514262952217
-0.014260902979004968
-0.008031701892602362
-0.02525720119850402
0.013966535048598582
0.03144765787541473
-0.044726370667918555
0.0221632912475223
0.03380660183117781
-0.01998135407148807
0.018285102155456107
0.046431200172646056
-0.030264576440431824
0.023594637796841306
0.019199119371882317
0.011029288127833067
-0.0093558855193837
0.08551093902081433
0.040970977613112594
-0.020831232414607423
-0.003770475827857888
-0.0063205637971684245
-0.511372440231412
-0.47535170388354664
-0.4959590290783804
-0.8705507015303549
-0.6362378187035289
-0.6461234742923921
-1.1603705938046032
-0.9425958856730475
-0.982547349418791
-1.0603577582989905
-0.7199847240566367
-0.8323090090870595
-0.7137685926791991
-1.1436703330381168
-0.9797750552534394
-0.3252991606800881
-0.48962262564201753
-0.5904685927711764
-0.3852319622608196
-1.0504419611974076
-0.5113716707555676
-0.448890811571014
-0.4194762426407079
-0.2807109489027779
0.0545056882187375
0.0845911824353227
-0.14874359434851034
-0.08646942310265582
0.0805277688611186
0.4643537114816744
0.08000257147390086
0.03161634854685025
0.6869573838215886
0.7202654584889341
0.42248726206391735
0.4830934965067359
0.574732336157769
0.3212405878923919
0.4655482246492014
0.6179568032324791
0.6525632319402797
0.644345686814
0.7371470307541578
0.7490158690835153
0.17271875402897435
0.759908678400086
0.649146221803097
0.5090145898315067
0.5068061019709088
0.5014938080779244
0.1712386454104443
0.6956382319474476
0.04691123465869293
0.5593264847430227
-0.07728419429114225
0.40005990443502626
-0.06510666697380499
-0.2822502846014116
-0.6504814985801806
-0.18361924415978031
-0.03139623317164664
-0.38857553763310576
-0.4373956564814865
-0.5013258731270777
-0.4773361832992783
0.0561265887004736
-0.35154381183383765
-0.4839795926769236
-0.386456197173466
-0.9081409612950528
-0.616853535567162
-0.5674169854693834
-0.8423305928609122
-0.4287409781100604
-0.5014146793400012
-0.28710348344238434
-0.2947766253390869
-0.5544667890943437
-0.38108488811146307
-0.5357043814855602
0.016117482707946718
-0.27938318611350677
-0.2185362368345352
-0.24015322885405002
0.1616602892744305
0.008470098252451513
-0.311083796430841
-0.21784810193226478
-0.14070877572205281
-0.15238880317378592
0.06812213214434551
0.2520972653278439
0.1229070990260577
-0.3783239860004844
0.3697591594437345
0.1052025001114533
0.36483582919702195
0.28095110116842775
0.10825922033250207
-0.057826910374568274
0.3911873843600258
0.5413356145008428
0.2621058745021495
0.08572800666808894
0.017568663856206923
0.25767643416699326
0.4303945922650527
0.38213775413427137
0.02119656309255563
0.5079595769054204
-0.12480344493907802
0.11154570311745113
0.3521545463128021
0.19726538363441187
0.23801901862747274
0.05860345181136502
0.1770806065443662
0.05619657677507984
0.04736528165899658
0.418583239727908
0.2332538600566666
-0.2556784794496907
0.8031331110536916
-0.22430928986898896
0.02278821807662211
0.05390538911499254
-0.20271686569295486
0.31458584077111595
-0.10375554540304013
-0.8277239583107799
-0.22495900552769338
-0.11694665591902466
-0.48324902738727227
-0.32628628247047725
-0.5981375423739016
-0.33769617279010666
-0.2203211282513729
-0.5687320380123093
-0.22428783700746763
-0.549404104591126
-0.05011016985654221
0.08486822170339234
0.05297512305673685
-0.09947747195285168
-0.330162698714191
0.350470527803151
-0.12276689054330409
-0.5552451497148454
0.4583470880905867
0.10021904888871958
0.048677483893427534
0.2296358822509997
-0.05185243301328909
-0.22177945033077287
-0.06955082679896421
-0.5228330643793485
0.1536054592345258
-0.1262814376584862
0.6519585990483865
-0.01798025618439586
0.26935741470590513
-0.08911724249630207
0.1504329743846321
0.2089547763158368
0.0031414587757016554
-0.13966394145282307
0.005168182486885997
0.28575231800379425
0.19888884414584185
-0.6451733274534779
0.4674076626788378
0.01530623599324299
-0.04696676087188417
0.3260558297339254
0.195515449322778
0.23335908601823735
0.7777229107402786
0.19607836510804455
0.08454686073067155
0.1661612680520958
0.44185574553970763
0.07349257626199422
-0.19722365386674656
-0.37239051213951646
-0.16427257593245062
-0.15119335879811455
-0.11863859096360112
-0.03554071916653703
-0.5246611725622055
0.00775369689848196
0.08209299445367006
0.18420236029721276
0.032337188623965965
-0.2860694373557322
-0.2830311590808896
-0.2397435536501976
-0.27664210964891733
-0.09537624304028128
-0.638457698484545
-0.40764616573772405
0.37629296976463045
-0.5984611363161143
0.2711287920339702
0.14080113782727438
0.01027783439401607
-0.16708373705439133
-0.18480193709959924
-0.13980227673044576
0.07185546008507143
0.35242970360196363
0.1767588389027872
0.32175351461071444
-0.23888570529940645
-0.13459203569788677
0.16522924251813415
-0.3003052485614056
0.04502555675779234
-0.0009731944792099739
-0.05226261015717715
-0.0322833958888757
-0.058671515068404165
0.06903139268134571
-0.394085926398668
0.17931218516597247
0.2047568273209013
-0.01971951320078831
0.1878610627970334
0.3976645745640985
0.4219725387519566
-0.3667939142493374
-0.26750079257164094
0.11883804814986174
-0.06725516052148191
0.03301232673825964
-0.41878149399946524
-0.0981889091720322
0.0102546499039909
0.043421461479919446
0.5336018441211722
-0.018401852539138043
0.39134947355163496
0.4526375243498089
0.13922221098801957
0.11290365319354798
-0.47183562413967306
-0.117620940028039
-0.3911036302156433
-0.2514899865249669
-0.3952554490430541
-0.2068204545334277
-0.36741610191783536
0.3971088368363133
-0.20600614820960653
0.13185364531212435
0.041250079746439176
-0.02169520405646322
0.17920470434593305
0.08774871619980001
-0.0200327956111246
-0.06335162458275136
-0.35450619244721226
0.05781828176934585
0.15482862013892676
-0.2434250330376066
-0.6039845230875818
0.2715001408235219
-0.15893544896694728
-0.5609229410966435
0.16279735231968345
-0.2719885046847441
-0.23288130147626274
0.035734280523098065
-0.030332213121302496
-0.07358650691432728
-0.03401843924838778
-0.19371548047484516
-0.21180678661384503
-0.026398188172354505
0.20620840908584523
0.1452588146326466
0.14364366371716744
0.6298151987708959
-0.4132740405605383
-0.2246427314708207
0.3465012667526914
0.02892700655579533
0.1984931846268341
0.12691745527290008
0.43364257656692373
-0.2898476292062814
-0.17312347149412305
0.11103030852342191
-0.03483783931930257
-0.003524412444053132
-0.049701912324951254
0.04727213884435303
-0.055001664883571375
0.4735571164196243
0.06796063273108077
-0.13997786576155805
-0.18651777627874241
0.16932208906199017
0.10861257049548513
0.22019798072634286
0.3357215287372103
0.40657912066087426
0.03516692314868796
-0.009220730238526232
-0.014386977895057676
0.17231522860327725
0.5730326240955532
-0.12441869541473352
-0.3354724964291203
0.14518717787400381
0.23368936295860276
-0.17251205855309873
-0.16531608215984622
0.09248874106422547
0.2308845702773739
0.10842202415965672
0.33803200596737293
0.30937606475067086
-0.38988475382616555
-0.06730855285754002
-0.07930159136710954
0.1899526960719875
-0.17455789646601988
0.23695531134268122
-0.13893455247913067
0.028625327225002765
-0.027837694698747393
-0.31478086819375467
-0.38733429035469297
0.2547932432667156
0.15525893697508267
-0.33700819105340935
-0.11894970892481249
-0.5963470187747573
0.013177120708697861
-0.28043750957707164
-0.033479091836165875
0.3094079445918148
-0.0007309661409699211
-0.05390914358899647
0.05297402740692496
-0.5148047324208208
-0.08259072585158445
-0.18360071173384424
-0.6588326490208106
0.00552786075121732
0.14754184562167205
-0.12197335245021461
0.2960020023235582
-0.07788329327338821
-0.12572402225628848
0.00700801273380109
0.08275977014590574
-0.020406123805677585
-0.6800330361648912
-0.4970865353953883
-0.018001802110690072
0.4781554739138983
-0.35086277052334436
0.34227243338062385
-0.03508331408120617
0.3070745316384467
-0.15916568974975798
-0.1554864884822074
-0.11944435656552342
-0.35576348076838615
-0.2605261300200643
0.13228830585763657
-0.40704454846462945
-0.03673186309190287
0.2176476185934704
0.31194396614840475
-0.03760580814662569
-0.1193582472246077
0.17677307463299272
-0.37288269135570845
0.12421613345404967
-0.18670506600967943
-0.10568745385003075
-0.15608983896976916
0.020145567647383303
0.05326186436813509
-0.10313746109435049
0.31921214579396406
-0.14819412660968653
-0.3296759206383274
-0.30741286213541374
0.9392980648281363
-0.023186129741355935
-0.3138762392047296
-0.3933449605333289
-0.08016857351107243
-0.4167866949095856
-0.22093271138846077
-0.13244369143843804
0.01503673262429462
-0.15319613143515676
-0.011109057771877354
-0.14127320089531634
-0.1985932982993236
0.04704873402430103
0.20172453575555122
0.5019997664847818
-0.1725641109701256
0.32530562072275826
-0.16829613692607814
0.10627890247435401
0.1383295005462326
0.4089687090871504
0.16757591653765783
-0.01848282997784794
-0.03217039857482042
0.0016707377523438368
0.042080591544863
-0.07304173276881182
-0.09954041896179394
-0.16234346167805347
0.12545557733881413
0.46032175911531226
0.1481724526735703
0.3274267731471277
-0.6046937807606758
0.6034259357214431
-0.05386680936036452
0.4975909983029817
0.11229710576605058
0.03576496738858754
0.6213584578450283
-0.031073078106721868
0.12682548433114776
-0.1165934000312111
0.03044778555240778
-0.3199335670552253
0.07111420203268244
-0.4104902829523763
-0.3551097655956787
-0.24532815864451496
-0.007961875243188305
-0.19935993546846184
0.21436372534737183
0.2932692501020483
0.1592946835425116
-0.27438486208448604
0.16902167644157232
-0.011448074921317167
-0.022510385537714256
-0.08324234058754415
-0.004338363799112786
-0.2523130306220524
0.005212699410289888
-0.17349023885372153
0.5354874729406979
-0.18675070388011633
0.1637638707617976
0.1372649933070784
0.11108827109895564
0.24551575216333524
-0.02081144165337128
-0.1237606678659812
0.03340882511374971
-0.06949694327913417
0.08456554020767422
-0.052179637786659495
-0.32942460261142387
0.18335826438870254
0.09864614868972459
-0.39563901316298866
0.16534147688499426
-0.11830210640369157
0.06751603310770712
0.13184331164904042
0.12727698849447386
-0.2188455336773415
-0.36149919142032394
-0.05317919420861664
0.0775053783384367
0.2008341596309153
0.4841878392767809
-0.2511069418251303
0.37764637137468327
-0.20325908835986858
0.42420173126099936
-0.03357487085281126
-0.19253307193207364
0.7759139773660091
0.04519713601128668
-0.20420605371228892
0.21519038812564434
0.18327266797475109
-0.36177223335538206
-0.13076312383832447
-0.25661360953046336
-0.03463302684570229
0.06710129451238726
0.16125807172252837
-0.1952408586835347
0.05812446401806618
0.034299497874791286
0.026749159217116066
0.00018482321358187417
-0.05906657072824894
0.011094052294249219
0.07294334307814664
-0.06603754070832067
0.014057227867954984
-0.0035153459210895163
-0.03939987028942558
-0.0055843973901185395
-0.0302635386443531
-0.006640835843242685
0.06251793186393244
0.05035094499912801
-0.05107718351548608
0.0383862454506439
-0.05117237191388172
-0.011844381058083206
0.0248541150286917
-0.050747188811663894
-0.003875734319438489
0.024744868782310837
0.043858737759034795
-0.027209706651601398
-0.017606606169490346
-0.0869979330876151
-0.01132164461196613
-0.10513667763749138
-0.10119359034238318
-0.027157691990222246
-0.03736512467064222
0.03758448197648487
-0.004814355133392192
0.017506452735281015
-0.030837906890776135
-0.0013324281382708963
-0.013511763923454979
-0.010191759147680172
-0.024117927080531044
-0.03284866273763992
-0.023849433310872182
-0.013191960556173258
-0.02680677169345891
-0.002794696976105424
-0.061966700246243824
-0.013067043712559265
0.054161661792977614
-0.016584617481580733
0.03604443411859526
0.010014619321572747
-0.032545464724394686
0.008233170700362528
0.0286505480052915
-0.07144650670532095
-0.01879225051771875
-0.025179255536628822
-0.011929595323484978
-0.0074518588010928505
0.0046640402813396984
0.010717747734367658
-0.07484238819710648
0.07607815272361099
-0.08501063891158561
0.0003434293898168146
-0.06539555013124573
-0.009482007197250588
0.01660513799049543
0.09586600763205665
-0.12388315553341148
-0.010626117569640324
-0.01610828756120643
-0.05485138836690996
-0.11998890681950065
-0.015306751758952332
-0.049297146835536924
0.022942910194737293
-0.0453727651053894
0.01253181945000407
-0.0023617924524972065
0.01743061209556706
0.06554597350521683
-0.08665073118958033
-0.014690295940947454
-0.052127951962903464
-0.050577119823291154
-0.06688224839361603
-0.02036680664934994
0.023477023223236842
-0.030217956197927644
-0.012987356918826857
-0.06448596641900554
0.03520062037481401
0.09442650600820322
0.09060041484628678
0.07030628848392671
-0.013440626145206894
0.036318189218347306
-0.04833445032712229
0.06068496947160088
-0.06959062560451616
-0.040646712423332496
-0.03707816655507822
-0.06423884925025927
0.027335172635300987
0.02102991713433484
0.001713804233708691
-0.024537263381313453
-0.023767897663320058
-0.014478262097747052
0.08290744315773224
-0.07912531306543547
0.014392384154668604
-0.041479712601871645
-0.06316580611225531
-0.01023818028164323
-0.037087771997723555
-0.0010513985984382497
-0.029288197941866007
0.03775764219306611
-0.06690242197227615
-0.027814016271723103
0.05264764684733451
-0.03404599409254323
-0.022933385561610103
-0.010162074305339809
0.07687926413942753
0.07507559055176706
-0.03470920041918357
0.009014372249051498
0.05975957208295314
0.06292690871390835
0.011799833286561718
0.0678258927710889
-0.019524246429862526
0.007667235368948493
0.0620594529605282
-0.026388374182271964
0.0391091320694317
-0.03555338421854885
-0.03182725887983686
-0.09040864213272373
0.040965101525369065
-0.037867863379910285
0.06161532564081591
-0.011721807550928937
-0.05658935855923666
-0.019613765111434728
-0.030770049692292772
-0.00875876341827162
-0.042301841190207384
0.012000524782976965
0.01971047745853841
-0.01157440274123099
0.07220890959975408
-0.08841465137805292
-0.10242086350314568
0.018917214294629277
-0.029632922443200246
-0.055265546718170924
0.05291305360311153
0.04051189643679105
0.007115966076043531
-0.029809503961501595
-0.02216171687708093
0.001931778632385926
-0.012409926209785448
0.0694601738887155
-0.03656549359052768
-0.030130335996625443
0.0028557443903803824
-0.01249954093895095
0.00237584563440803
-0.0035315182172227576
0.0031991079564155575
0.002553222093835552
0.09449289168307408
0.019555686844730774
-0.014910394155931747
0.08233055007097512
0.012164910887056101
0.03612362257717332
-0.014316607240325036
0.009298308813105607
-0.004306154586545962
0.003992566011215127
-0.10392901283594243
-0.007995073123127326
-0.04891337895255818
-0.04545257563402944
0.012091733779481932
0.004957419823382014
0.059079706729287966
0.08716238279448218
-0.004572848956728682
0.010216208178674935
-0.021691536880999365
-0.010641542507895877
-0.03407613642799526
-0.07517946487083743
0.08367313830318585
0.02678677485992862
0.005734624216220249
-0.04792872900379917
0.07117179257568147
0.018400607045967823
0.04861661178961037
0.029339603632449897
0.09186037597167981
0.02098832017437352
0.055525202209310724
-0.005391117159841613
0.028987058342826968
0.019423465266493856
0.01740728557078765
0.0010869370128137894
0.07966934655690602
0.07283885510142611
0.06783972521624135
-0.03628362422446452
-0.013475819674316629
0.0015590990207090523
-0.021537223226167326
-0.006986439864552077
-0.07804096301769227
0.07764660002059187
0.012237359781801101
-0.0019343620241011547
0.0025123659656852296
0.01961267123624877
-0.01302676375424932
-0.07650177681778536
-0.013378757965127806
0.09351188700214914
-0.012124425707271416
0.02599413768888156
-0.16401559297568669
-0.01997975305075494
0.0016388511576637306
-0.08436785841290377
-0.007212233246715516
-0.01612002255197678
0.07347715868560396
-0.013274223912312397
0.022963967184785244
-0.0850475396003228
-0.03407604118652239
0.06130917449844608
-0.05751783896668673
-0.092310645566603
-0.03285022568199028
-0.04066910205437281
-0.029743832453488564
0.027661873640656698
0.044918406149447296
-0.051921628828073545
0.014197046085677118
-0.0275538834259695
0.06810516341244915
-0.03198294531382478
-0.05198685920213743
-0.011299223458832953
-0.010637329190411394
0.06117942046447188
0.02093234965674352
-0.0004310802816837387
0.03559191324360355
-0.013585755416667122
-0.015912925036494774
-0.0613207450472454
0.027506881363116704
-0.043540995552066114
0.14430815543267136
-0.06602364139322557
-0.0509979909702814
0.028804685601009884
0.07285831124722468
0.03469096896246349
0.025289260202243882
0.05227098648022423
-0.037251799272868126
0.04873552729539904
-0.07992823530729541
0.01062459701726017
0.011692955591309135
-0.006951403337393212
-0.01294025945247644
-0.004671126800758755
-0.05366593473689089
-0.018602317284437543
0.014425947876166462
0.024522947715528456
-0.012271094142117987
-0.023697303149340248
-0.0001836800699542226
0.014552050596051136
0.053568880998686
-0.08985905026507388
-0.009377135158187834
1.9483804441334014
2.0406384198917915
2.2324778337988147
2.110294112915312
2.2685130113166325
2.542891798856335
2.563400596077674
2.6442397280663403
2.5298096237857335
2.618441872347782
2.671417041952895
2.6348004955734217
2.7059140814149956
2.6701664796101463
2.8746457925738165
2.842277053486136
2.962990807939167
2.884931590248335
2.772116601479702
2.720624932569193
2.696656768239374
2.572968987965636
2.5397012404781627
2.5886716869985413
2.5673857390377894
2.5657051748753417
2.3942014075999785
2.36312818078265
2.2603294695265044
2.170592728584665
2.0595316481904344
1.9158548873140608
2.0350023506941053
1.673143069379261
1.7329388800884256
1.5287654663651973
1.3841630896274357
1.4688150549050885
1.2492354726804684
1.1901897974108202
1.178092544061954
0.8050850290286469
0.7234178620256111
0.7093815467733084
0.5084166765836358
0.4289674854951549
0.4508730827772446
0.07735135955590511
0.1384060350251833
0.04716473125191774
-0.24572447879958897
-0.3805255392801682
-0.5174381939880821
-0.6127612405253868
-0.707304700398952
-0.8497760889423607
-0.9366547017775216
-0.9168907946264014
-1.0049291485104737
-1.1674628218004832
-1.2787114627685987
-1.2336775478106417
-1.2693657840673047
-1.2834198494590296
-1.6840215601468003
-1.5822377786712711
-1.7181355664374347
-1.716051281730247
-1.6513163022215585
-1.816943418168875
-1.9397466644574852
-1.8574179188046727
-1.9269970458250771
-1.8358535335684945
-2.0543254035052967
-2.1422460297897716
-2.1142291467294205
-1.925188748333238
-1.992307085731262
-1.965911228146938
-2.1170886640854967
-1.9740636522019794
-2.0499898290903795
-1.8945607253371974
-2.165745599989989
-1.8713851510169188
-1.8456554544279558
-1.6960291136900296
-1.852565924917694
-1.8166756867384863
-1.6901713551140916
-1.651827738338893
-1.743780553971419
-1.569525686633448
-1.4130209403003895
-1.217003768064199
-1.3065822004390395
-1.078567985724654
-1.1161312578449583
-1.1811577979823387
-1.0242926187455994
-0.8663547946967599
-0.9719249514884416
-0.7179891530170774
-0.6520065586232121
-0.7138098191448706
-0.5346539210486987
-0.3361804562692325
-0.28670863382937994
-0.2156483345708349
-0.22268106018967376
-0.1898337533920299
-0.10901934184342522
0.05347450556343644
0.11181173023323424
0.10120921997661253
0.4952131615383368
0.5890906982375925
0.6731451124068688
0.7987947155043649
0.5947052068441943
0.6987231283609773
0.7953819351987346
0.8494593543161351
0.741240015707582
1.0339745326411225
1.070156499343448
1.2549767053893466
1.201944808910977
1.1829253664518014
1.2004751285525568
1.3221513738858595
1.3346369107949945
1.4637424225616804
1.3895863413232836
1.5695278526086125
1.4773987154154564
1.4224640484644677
1.5100138044630178
1.5076112889332165
1.4476366911186342
1.4440399795211003
1.307781415394246
1.4810391370423044
1.6282732325147633
1.509324566989503
1.4413798364899792
1.4089120864923694
1.3548703044374568
1.3363145993771468
1.234418896177891
1.3506580127326007
1.106950435886885
1.1991099593233738
1.1815173278266704
1.2145438967500541
1.0096144988934626
1.181014695012611
0.9914479466456131
0.9760295726886188
0.8081909284480141
0.7586431320567337
0.8307348731990881
0.5733486800327983
0.639754712214394
0.6140639505676564
0.449048757715924
0.2003945385347335
0.44250548530741923
0.4312247350100288
0.38703422232988766
0.400197404467193
-0.0010217782348568294
0.06054046522356139
0.04402456681158637
-0.02665370664559439
-0.1918617946200272
-0.14856233641533118
-0.26746335891267276
-0.3502912979082162
-0.3288105032099327
-0.23378348928588086
-0.7688244387298778
-0.3793007229714269
-0.7073162259674757
-0.7213664765331387
-0.5801155926374145
-0.746755897670321
-0.8253883070525009
-0.8203773534449661
-0.8669850974682843
-0.9644465359433332
-0.9307910951173266
-1.0622965358486536
-0.7750992104259544
-1.031173520830839
-0.9529089781396305
-0.8023789113717051
-0.9206850373601124
-0.9587991326601906
-1.144883040718039
-1.1349495449690923
-1.0314398377470804
-1.0588968592583698
-1.0536434104817345
-1.1526586174537508
-1.2177751584348104
-1.1582223070008806
-1.0467115987069224
-1.1875256583929439
-0.9476987300429462
-0.9349329033513104
-0.9182967676328792
-0.912392884612837
-0.679003950632876
-0.8025286175267736
-0.9549589238178176
-0.6982608218607222
-0.7189952458552857
-0.7854344995977991
-0.7221128682142868
-0.677429104039249
-0.6186704019865052
-0.6107829258329464
-0.5954753945703749
-0.5647119326140636
-0.50466636510614
-0.45888876336258655
-0.502412923956262
-0.4198230392710877
-0.460256427531868
-0.24310489442522695
-0.32284824155398434
-0.17612203708296523
0.017172461382052695
-0.11273521781483928
-0.045373590629322794
0.11009291861462352
0.02983874985717368
0.14547123670182763
0.3056967430641727
0.354921718038536
0.15877784422661156
0.13564626702331647
0.21233850419654363
0.2935916954695447
0.5696061430031027
0.49917250418872844
0.4328640643640599
0.4996570549763599
0.5584453739275901
0.5347092872974073
0.5371938733117954
0.5103286337697248
0.4700916355866894
0.8538880923005931
0.6953260081240709
0.5523633970859612
0.5978299963436979
0.7182673165305069
0.6683112950326202
0.7950728982235413
0.8920623456905927
0.8550257584738152
0.7424551626174191
0.7649889173087621
0.8231447346033879
0.6127951656308147
0.9829926580228454
0.8644323323523794
0.8589959548169416
0.7379977474043139
0.8615648464399832
0.5114908813153917
0.6306168313437768
0.7810726674420105
0.6197121727955672
0.9334969520759651
0.7230746418727227
0.6405436766389022
0.3863100553667692
0.5606356287833768
0.658580583834101
0.5657036420378375
0.519838566944377
0.3438424285804217
0.4528882357749435
0.4158848185128093
0.39268239060533594
0.42668000278660595
0.44237516083138184
0.2586923134088634
0.3226825270272093
0.2792899837550128
0.10991927916372583
0.16649778559911466
0.268143892954127
0.1801595351767469
0.2627354122900558
0.008258636658221637
-0.09506324142827859
-0.11273258220732066
-0.0747954654753253
-0.060119171065109896
-0.04899476126550606
-0.18589721727031086
-0.18409103944772937
-0.2363398936984183
-0.18681553263249617
-0.29313350525973747
-0.27723280220335716
-0.26670109022578015
-0.39603284177714076
-0.3101793856262342
-0.36134618527565987
-0.3169441455101846
-0.32313832760759353
-0.5083184127106225
-0.40181020666040806
-0.4915385469522197
-0.4987771269015002
-0.5059105948206992
-0.576736730744109
-0.46593552291100115
-0.6599752352854686
-0.5651316053906547
-0.6017678024824985
-0.5190849707664382
-0.5205462419444468
-0.5145700166553453
-0.47351440314256216
-0.5551732227738695
-0.5683814823893665
-0.5167562070613396
-0.6947405977555522
-0.5439500615089762
-0.665512187821652
-0.4510927613989564
-0.4772510560251001
-0.7165986078892752
-0.6789073550680886
-0.39589773554142693
-0.3521702102906635
-0.40306711292863306
-0.39929485196089076
-0.40875057047111846
-0.2625009895637591
-0.2804976406700576
-0.46761834131122443
-0.434090306169605
-0.3250807738222872
-0.2985956899783042
-0.22936277602821703
0.016649283415174965
-0.22774214200455375
-0.3446148887901388
-0.2505537480392036
-0.2184439696754935
-0.07251390394170013
-0.015143114227854762
-0.10485342384190019
0.11689067626583724
0.1368892650389751
-0.09220240437506683
0.22508501641002965
0.1443744885842306
-0.05930041873572717
0.17994957645212645
0.19299459295087756
0.11447353660508616
0.26316784314503094
0.4431319384299864
0.27782937956052134
0.09754458131591856
0.20833950242702498
0.27698505906719195
0.17777129420487547
0.205477302528888
0.33274395724904043
0.27940784387575773
0.414735206492487
0.38454779091665464
0.4872316481996751
0.5235531892500443
0.4050501259738637
0.35342060335981024
0.5607045905439018
0.25716303569058063
0.42187602094459326
0.43799512082374836
0.5159379417581581
0.25552028120173287
0.5418894584884354
0.4400790136055433
0.5531736009541148
0.4460739763660995
0.4279832755854464
0.35088398866967163
0.2739001472436302
0.3373146478963693
0.3997419810572564
0.47056450866108024
0.2437690811447705
0.24534899083230266
0.4140925674571663
0.3800034141761104
0.394677050773483
0.28232925417516186
0.4132383449200364
0.3919549319542914
0.11300456187349373
0.47667126463332177
0.32820558867542443
0.3944392203523874
0.241037624360711
0.1938603435653344
0.15279413761429408
0.03731650906785909
0.13735446335879428
0.15811983310709288
0.10808349815278154
0.0104797748385633
0.09216392855435859
0.0005017253124943374
0.2577433626867552
-0.007815579218500634
-0.06515875505089908
0.025894132035407566
-0.006055818376946069
-0.06607099664240813
-0.15444801795845536
-0.14041089881424898
-0.07469002346617865
-0.11744634649259342
-0.05928660428250811
-0.2181921373821068
-0.22438005800129301
-0.11921116893501156
-0.42916379492972817
-0.11707580982305997
-0.09024095783588712
-0.16109691228886858
-0.39551887540046554
-0.46959955864198866
-0.33692398436391474
-0.19491978298736068
-0.17712148908826472
-0.1733982557022179
-0.19097895549588334
-0.3454322317211766
-0.25040145638926786
-0.3609718098854079
-0.3919446288782896
-0.52129228756802
-0.3797880211839987
-0.16638274649836138
-0.2745275679702699
-0.316873342737027
-0.5220955958628299
-0.4928636492498506
-0.43532218853845406
-0.6593233621272567
-0.21551396925909233
-0.2818820615879296
-0.1597717477874857
-0.4769552306395591
-0.3116488554909463
-0.18596881897471598
-0.1625487830381346
-0.32552800567991663
-0.30844027605239777
-0.23910254897362498
-0.31901386122976716
-0.383034801291678
-0.25672124723162204
-0.15833372353852504
-0.14573012300118138
-0.11093614314062188
-0.22896577007439317
-0.21340283210015015
-0.08944523770972963
-0.0504141144328586
-0.04915149572333564
-0.09373105864223139
0.01937109281659294
0.11113262177725303
-0.22029917416895495
0.03674998863328987
0.019180724441047847
0.07546720179277812
-0.029102066430570762
0.14278229198087058
0.12744516638538492
-0.06893349826700992
0.1310604485687717
0.06005156294384167
-0.021639617889190457
0.06513472432109423
0.23480638410143906
0.20565880365795908
0.14129441311544735
0.21243069427593447
0.17991267419527238
0.0015219048504206412
0.16481039828565328
0.11909338031824454
0.24275115236380157
0.24477107323143046
0.2227058442521216
0.09583275946868151
0.0967650722915324
0.18822160998137974
0.29050523320257704
0.05146958936415766
-0.028543930437043674
0.20682362119798617
0.2673224464164491
0.12034668847178316
0.32749310168836343
0.23567811355593501
0.04283385001621123
0.15599401102811586
0.19807925013662905
0.1910286011767615
0.1413034800473999
0.22667221511289243
0.4301053104314177
0.1307485025194165
0.1586702403341692
0.2419977183157863
0.099248668145957
-0.004958060477389337
0.3289908261897093
-0.019219578628032696
0.3243132290259446
0.2880165162506888
0.08436836754787438
-0.09189515778617238
0.09915804512551929
0.15349600260836319
0.20579424823649087
0.20801750181709705
0.1029188656001676
0.19278306679560736
-0.017671415457300027
-0.11123242024516464
0.04355098021584272
-0.05163786748658458
0.10008713086765608
0.19333078286763847
0.02818663243161092
0.0029749592073060665
0.020251547580431413
0.053201270088990435
-0.010305489182830165
-0.05192535389071527
-0.012993748077514924
-0.09887966801288114
-0.029920280202588245
-0.024773595503653566
-0.06957607478935951
-0.0965262794157504
-0.02643028142238582
-0.04095163500325498
-0.009956251847569028
-0.006727149955769271
-0.11281770710316043
-0.2954008183389539
-0.04824262700687401
-0.31455061567943254
-0.13464549101349133
-0.09938633046447573
-0.20887652941391954
-0.07191378569910956
-0.20609552046066018
-0.10992463077416262
-0.33673425950222136
-0.18568905553225284
0.09996680814904765
-0.2580647207295798
-0.3197647925957874
-0.1642501448042085
-0.27086188351297624
-0.11006667816371973
-0.12166900431698258
-0.12346461368918664
-0.32531794593260177
-0.2509287570806197
-0.23458625503619251
-0.18784200333933382
-0.018449911372071498
-0.20911231766802552
-0.0023202573774852575
-0.06884587821806107
-0.12302811802342725
-0.05214337745676585
-0.05494004196642288
-0.05280905688765805
-0.19787035901368352
-0.18327783481032028
-0.2360957633363932
-0.06961125569606774
-0.03331605564576256
-0.0459482533630132
-0.06913387402647123
0.029962829558810772
-0.29983931621403637
0.04999868738679374
-0.04192008202476024
-0.147776573436471
-0.04692256798870721
-0.05332045621176311
0.04361918388633338
-0.027532015722211346
-0.05411286434337467
0.18510114294644797
0.02788937859815755
0.21335777735473896
-0.2256672065639431
-0.008970057868545205
-0.14132089389063499
-0.29431178852125295
0.035771070323254384
0.04742924032633536
0.006101948565885008
0.2223893599003295
0.1821356304604309
0.029788187456265693
0.16044991970687422
0.17335829448019557
0.15067209849815316
-0.05887840777599561
0.09136462458946244
0.14023275736082408
-0.011478773930574504
0.14765681612382925
-0.03821695080206251
0.23445586950998648
0.013956873308968748
0.14553423973437055
-0.02344747259948113
-0.023031269018484693
0.0952892040869728
0.4620734320866028
0.10598361721864949
0.17365662095846196
0.0058844414002070106
0.1709058435136797
0.24625137853433118
0.12540885844259156
0.17301765120248913
0.32765984151540556
0.22988955078016587
0.15369037346522063
0.09886496341722653
-0.04869155604147597
0.34633484215912813
-0.028464082218853298
0.1686767861158679
-0.016864194787748782
0.06995499988716582
0.22501501631278892
0.16071327421871928
0.08144008276194532
-0.04467201385308539
0.07144879727035536
0.0336544717569567
0.030628948484932743
0.08223961585921129
-0.003417273958256195
-0.0007450446977472422
-0.018926824634891048
0.12493387416265903
0.06559369450357097
0.06075946626247478
0.05384199037217896
-0.010546414386556357
0.26128955216058825
0.05302971783572749
-0.0322923335582128
-0.008140819353442453
0.056073682378839765
0.13653206913611657
0.004079370751033394
0.03432418205205218
-0.14746418280886545
-0.10891242836854617
-0.0268953917576078
-0.07584595555845958
-0.007833557666259046
-0.12071800880918937
-0.07456011620018405
-0.23563737569332843
-0.126969524619128
-0.2167648862133496
0.006625146037576232
-0.11182222173954945
-0.023256395086349857
0.09846628228691204
-0.05627535090172628
-0.14251989664823275
-0.15490456878165523
-0.178001450567787
-0.180960034945441
0.07270721107538752
-0.04896199277023719
-0.1304638389763627
-0.14479188736459447
-0.1400973695435465
0.06633121887432623
-0.015071360610158333
0.044410580919751474
-0.04550862296896911
-0.11335811147880162
0.05342973286335388
0.02021879379041533
-0.08464749797355464
-0.16520465545790422
-0.09584016904563564
-0.20184742969913094
-0.08171632390891614
0.0027565412113965265
-0.06254291858848722
0.0753991774221087
-0.09688211806889752
0.27634958775259916
-0.08596284264622862
0.027317754225455196
-0.001366736093327145
-0.03753350188833839
-0.06446101518265435
-0.14811812213676373
-0.24344513283158908
0.07844816778931661
-0.11651441544653951
0.020294237664901477
0.046367115205125195
-0.06082523982967093
-0.11188123138935482
0.1288627796195895
-0.15833459364885968
-0.13780419290956122
-0.0005495755910714245
0.09688062426904688
-0.0824471800726776
-0.059180729464141366
-0.05309150974974304
-0.02753130561545466
-0.009147633932228186
0.08378920238512685
-0.0272269845792694
-0.012031399486229138
-0.042206334992672435
-0.06936828046945963
-0.06655009453185931
0.127159335421969
0.1732809874067719
0.11806496058542405
0.09187666467260189
-0.0917282398885916
0.20063033841032887
0.12540617517816818
-0.11090551718357283
0.10039640464867883
0.24063025311619884
-0.036945206241574595
-0.017557450091138543
0.11416540208032569
0.028819955057383738
0.13090609560134686
0.01676280299707529
0.0018137419872731597
0.09572077942182036
-0.05687570368669005
0.1615354923712622
0.20644926678504608
-0.05576456105525441
0.06041553452203269
0.1248815289427469
-0.054136933056028305
-0.09745069761938456
0.10789480965442907
0.06345914357734339
0.03698521679792258
0.0932678595169158
0.11156236390769905
0.2084265272884346
-0.09400431868672002
0.046714148866042235
0.05198899600457453
0.04668401485903981
-0.11387615907606222
0.22120198762796772
0.05474086260521413
-0.012253151881350371
-0.1662520238677313
0.20585328373637243
0.11123598678317058
0.020956562031407125
0.1819005652449998
-0.357824372108926
0.026461711543314042
0.2875445833376903
-0.27437311583108825
0.8294101081689917
0.5729195711233656
-0.5221272968918989
0.2722561792562286
0.6003172906175186
0.7775357603364742
0.2883539452157805
0.19006519878368644
0.4986266968355834
-0.2635544912386467
0.3210232538416359
0.6459494587740333
0.6184839989541286
0.4172012885458535
-0.016814658473514987
-0.22879796645951317
0.3045785181811052
0.8362560020864203
0.14465620397219958
0.26117804560038094
0.793470249710116
0.5420723439807227
0.5882839291328525
0.577438182374693
0.5513196131030451
0.01960704785494166
1.0837295954568098
0.9533041408457876
-0.11145853387430937
1.0316935703181267
0.6455328497571493
0.31126918084256333
0.9274712801417242
0.4780865125012672
0.336956146902676
0.6900862945053166
0.3585582025902303
0.8794506910558371
0.846191068722916
1.180148229586495
1.1466883011916666
1.0637053248096462
1.305216913632119
0.5696737189136633
0.6383438218040027
0.8574229652970797
0.5982705630837476
1.5248680096743392
0.47699093555701355
0.9994283432045729
0.8380805676280878
1.3359486836228165
0.8543620707080044
0.659309369663077
0.8278911394479658
1.3046260021880878
1.1441415822548437
1.0562013190149115
0.665277729456476
1.4909481269300335
1.5369987271528975
0.7345507476939765
0.5720859271700293
0.9431536948062806
1.1746976699128957
1.174028555549822
0.8401941940309099
0.6029225857404374
0.9315018244606135
1.3235396950800022
0.7883100480056888
0.8983380046693166
0.10441667096119989
0.29532935788332304
0.1990578897114943
0.9432958394897231
1.1424255653015571
-0.09750429666865401
1.0838726517460604
1.1679307433385797
1.5293103223013036
0.8595449852098775
0.7562186751954989
0.5923636479039103
0.599076381552241
0.6714912722315132
0.8289854856581824
0.6628125203215234
0.28956635743223724
1.4040875764554896
0.029490096262021592
-0.2787343324490741
0.45961313387364966
-0.4815567712206017
-0.46083200266961677
0.1792449407393868
-0.5450171296175135
0.25951154048443337
0.06258346951316823
0.6064095234473211
0.1171908117172728
-0.9800012653162582
-0.5860449479082035
-0.17830889865872046
-1.2124855887254165
-0.2160836601400653
-0.4354434807523037
-0.4933305927651671
-0.7647845691734355
-0.9320384848432551
-0.5326971179329019
-0.8723603672881
-1.0077561704330837
-0.9486256041138104
-1.3420425847905468
-1.2019687551698315
-1.5289578192391666
-1.653408198460519
-1.0489678394709192
-1.9208704993141605
-1.2733652869473366
-2.2516224588549405
-1.9418114457747608
-1.7397982779109684
-2.10983869686713
-2.1550203426342573
-1.29143439371177
-1.2280493951208884
-1.6884409104701614
-2.5234297660546545
-1.7517832826366417
-2.2908909913157904
-1.679540321734546
-2.185457096451379
-2.6538194736182343
-3.0807689453575327
-2.8224087616840983
-2.4822792990633338
-2.675928600055232
-2.526309814242921
-1.93653223554174
-2.7165415000937516
-2.416363577117506
-3.38479918297947
-2.2679112414327753
-2.6496311937776595
-3.1561492551974664
-2.2319868403272975
-2.823082684336566
-3.263235368102902
-2.127358217092805
-2.7872651882766224
-2.592960102616274
-2.9337448200377896
-3.0557465003213276
-2.9121870475722793
-2.831191099563487
-2.715037640932405
-2.0278487280884976
-2.590178733369801
-2.663822436220886
-2.193607835656583
-2.214777371044406
-2.726925487149003
-2.3402591554086487
-2.9143727593354782
-2.2648457984943766
-2.1195309587792353
-2.8560761144894493
-2.4789091902718425
-2.1954940465117483
-1.8500804129345525
-1.5446859782544162
-2.8810421084253486
-1.940468823209091
-1.9863923641208907
-2.377216440916954
-1.4339376706892804
-1.9698654529228974
-1.5475285496284705
-0.9844121189221069
-1.2977978154391034
-1.334147906034852
-0.8700525735153738
-1.7308889361437132
-1.3197913646239785
-0.6251374389356359
-0.5656567783110455
-0.9117571379232028
-0.49499266691300464
-0.33736249734518475
-0.07979005606454642
-0.3788473615002754
0.5551444567199945
0.6289048965129651
0.28962253546290956
0.06587022506935952
0.8336077969103016
0.17976867655902518
0.3239260705308852
1.0486181738297258
0.2587262921812703
1.5472135851264057
0.5198759578279342
0.8958792806398386
1.71324546381481
1.2012848839832182
1.9422052708560311
1.8225482622612854
1.735795919670182
1.7307404839765517
2.7096766740085942
2.6388124014871863
2.571936936547008
2.515980254366012
1.9411805293350906
2.6118547819417492
2.0266378793679465
2.6444508971997833
2.4155032825715064
2.679052504252379
3.0331326343985183
3.8705235935228117
2.9484847245001244
3.9520826093995387
3.5091680014039
3.5910190570190097
3.762913356436716
3.708841127675835
2.970997476944549
4.324168092566809
2.9586497937463982
3.2707110746102876
4.063715023269715
3.867825770997344
4.528994307707867
3.5460542004932507
4.320243112183357
3.9917607879328014
4.251331018665238
4.343854538199464
4.044909009486728
4.247457371977181
5.017038503572957
4.336120734815983
3.3189118158488937
4.270497373677517
4.0838445360151745
4.618766706503867
3.5997830707160285
4.2005147584713205
4.735575042651313
4.567679137107772
4.368870575637791
4.342270057207526
3.616300801112369
3.7522194995534526
3.9792161159469743
3.8078938905639
3.571438486055605
4.127756484208002
3.82229174164567
4.122699767542285
3.6203268826689765
3.8708944520651425
3.2951384545886317
3.5020538546447133
2.896106145776236
3.588673132782239
3.5924242141470346
2.969547796642198
2.713818056332734
2.664392061047897
2.8087379984223326
3.2326698327050187
2.6011065008909897
2.626836256344409
1.0954627796939589
2.342205337975511
1.872335504638228
2.201099252308312
1.8144784713591786
1.660361773673259
1.0494486959952558
0.7754005475285717
1.246571970976378
0.6110419904447113
0.3468993402493307
0.5751245238922916
0.6258720938534362
1.015276619622166
0.17557554534669428
-0.2900890911959506
0.10217604657578486
-0.018038973851737083
-0.4286508473395121
0.2897926455499621
-0.5902565518440955
-0.44239218453510154
-0.43168230576420263
-1.4492047705519797
-1.326565314130112
-1.205468750973976
-1.6508104315708876
-1.3433456103132033
-1.9742926193501311
-2.523044035569766
-2.193401743099224
-2.642841597120283
-2.640449271770309
-2.951929504381652
-3.600022117554879
-2.6892580385258453
-2.6064344781218862
-2.610898217292154
-3.611147213458129
-3.566888568566328
-3.8201605446124685
-3.755794971582156
-4.17555010256606
-4.039020789828668
-4.537516037403593
-4.013234908733885
-4.5993679241287895
-4.577571391432316
-3.9782830768837107
-4.96552373041799
-4.530192232561354
-4.176295626596984
-4.838990409109243
-4.8073073752668085
-4.600846850494118
-5.229686548510696
-5.234601607683615
-5.095305761129323
-5.1877250032776265
-6.221746367748859
-4.883462058372918
-5.077833762738959
-4.909956744251076
-5.279039258217219
-5.009784875550917
-4.9427960444250205
-5.465498952248611
-5.715482007515794
-4.947787995368552
-5.137808238828177
-6.022010357827076
-5.411070943834373
-5.537011825579929
-5.262911078171395
-5.750450074550244
-5.008828824931185
-4.843831474668009
-4.787710802546122
-4.4930939253422135
-4.6113708444156964
-5.259711595274819
-4.905652675838876
-5.39902576707643
-4.598475834708289
-3.79786262202341
-4.557977276564624
-3.950484759951914
-3.9922126650655327
-3.8097874481232985
-3.7195634163002493
-3.9349231052101414
-3.9075514540716934
-3.730457095132108
-2.4958434986116176
-2.96140185198191
-3.4489158805225584
-2.816395221677528
-3.667872765512812
-3.6584386946599117
-2.4823802778423225
-1.3733018620512176
-1.8377732137024971
-2.6260020302406932
-1.926099207842645
-1.206147984011517
-1.9035583648055598
-1.7405793600005797
-0.4376397558988858
-0.3355441860807198
-1.1289484807375685
-0.9656157320777949
-0.5863499433407328
0.19543096489270084
-0.699491931870066
0.2821680227074929
0.3304392656013104
0.14968645351858922
1.2989074922377353
0.8962183937743198
1.4870352116031313
1.1285645442702474
1.7666024341291842
1.8234167905029102
0.9128362051191774
1.6788148681703103
1.4174443676392752
2.2537597671352305
2.8545633774873402
2.27790910734246
2.576204062336851
3.016188249120119
2.626817874957448
3.200801345862161
3.589028636015416
3.4623038808412008
3.942336158600234
3.779998288272069
4.217357746980617
3.2182472600788183
4.287657486321776
4.070960092469535
4.554572509907548
4.772400569877978
5.344547079612569
5.223021375094711
5.325993346831716
5.184884721058405
5.328946154566113
6.448733260169958
5.7134575526591656
4.918291915204974
5.227310785124933
5.5722799444177245
5.240482452394012
5.902533067820699
6.363058420735724
5.141921925463344
5.55615573540054
6.262763703492146
4.950624057075303
6.482226542299534
5.924195531541969
5.575008075063616
5.722272673449258
5.769364321813846
5.90544903402942
5.6125254417928625
5.473970985828495
5.894669300166801
6.016862362186107
6.4132660467035505
5.206173957630896
5.820422697663604
5.881690740900282
5.586879375759727
5.5573939109599895
5.214139021203646
5.572212161000189
5.1740524851124325
4.838088882524839
5.042516162340196
5.546549887894423
4.360609328868205
4.527346539443721
4.548188492072168
4.441834236215217
4.34501180099053
4.281522232441872
4.933886858230393
3.3064601215303115
3.44900905128719
3.5413631989332646
3.7545088732346024
3.28307851046336
3.3581470107093465
2.7231535439272303
2.85108247577118
2.5081162570937723
2.7692499076116115
2.317910408814087
2.316513399179841
2.812097375339861
1.6945807901779373
1.5277461099422531
1.2779648661401402
1.210471277402035
1.0307352273566912
0.9692500853671917
1.0024213237724686
0.690791513562028
0.5323579826428302
0.214945616480729
-0.2645710479234372
-0.23611726914328812
-0.44499544620815995
-0.09880429174532362
-1.2302604098633696
-1.430678498528967
-1.492024937810184
-1.3564876706983358
-0.7965453448598326
-1.6138083278840103
-1.618134409577206
-2.1978757968736677
-1.756361813066915
-1.7305048747635243
-2.050340696934514
-2.311874634727095
-3.0874077126175137
-3.426997663687652
-3.3355683330049732
-3.32951196313103
-3.238144495900057
-3.5504408165196333
-3.25014446397326
-3.9496739550589868
-4.232036529586971
-4.192382460282198
-4.349529494175305
-4.5350395556144
-4.294080334896636
-4.348884021664737
-4.461599784617912
-5.395919265545655
-4.87166046938201
-4.817415154549612
-5.149105746980921
-5.415829897707284
-5.837455731434794
-6.284547585706765
-5.494558755450328
-5.503751589102669
-6.247058369480852
-6.062787807284469
-5.638631660063762
-5.775953837531245
-6.19880824536831
-5.8983432420256365
-5.616579077215403
-6.0028937565689
-5.333447672527656
-5.785985365472446
-5.451272089194245
-5.282296031296891
-5.29245963507469
-6.2880315158244064
-5.493269011487963
-6.203626093574453
-6.099605088522892
-6.009675569027105
-6.07367831687511
-5.830594001391598
-5.3243104604304605
-5.172856402179562
-5.902360245756541
-6.082236033901078
-5.7603117035393065
-5.141423935447828
-5.33055299149073
-4.962439525454336
-4.900142505676114
-4.422919129880822
-4.15361074668075
-5.262695867878534
-4.770453923222255
-3.7631094558228297
-3.9688120390941317
-3.292779357075369
-4.3009530388249555
-3.9839237478904965
-3.65540955162224
-2.846533929050293
-3.325573125511271
-3.305719438364001
-3.0342969542232416
-2.2764716992363905
-3.0309972607848126
-2.871181468360328
-2.168395617647038
-2.657882651523914
-2.2379289432567244
-1.4174091732107772
-1.7527595456907406
-1.1861220066623357
-1.5025144508186719
-0.8184580780714288
-0.6724379673397229
-0.5706744996795572
-0.6119396593386909
-1.2165581309684887
-0.2811947615608288
-0.2395278646638127
-0.06934255691673025
1.0890945884299381
1.185973597273843
1.1532811412201687
0.970450902803419
0.8740068882494285
1.1695883267755827
1.1722961082795955
1.5261716394706344
1.572181167071236
1.7121519354281107
1.8166592908766863
1.499075162105986
3.3464828516680822
2.640990935162364
2.4762286210825284
3.37920409630714
2.5462089877172387
3.4930023134140686
3.2176010777587662
3.446844416212975
3.397920553549574
3.611369226502612
4.4868235091275945
3.4848923940224474
4.616324655716229
4.437815521263013
4.470753642954294
4.911521656920333
4.632974662724308
4.927739804327228
4.37588470120355
4.328383371231354
4.570439059505251
5.42630834966486
4.470474238084007
5.026119723708123
4.437842873502273
4.878231323970521
5.155441857721499
5.500239016952855
5.597940660186958
4.914739033816819
5.307415941983852
5.314988999611905
5.578542061032726
5.382426964224011
5.925620402430705
5.118504591370514
5.151125965837628
5.304115069515482
5.175691481751682
5.024410565868756
4.612582534315468
5.810897999654767
4.510873147278023
5.3067403538156395
5.095446675450326
5.106831361585598
4.925673108904272
4.007427380388637
4.116182499487092
5.554577837871578
5.151417139329322
4.691542584912922
4.572800581945073
3.8984206193317874
4.347925126569817
4.179205137387328
4.290383010019132
4.035924305441716
3.599473895237162
3.655446853526318
3.211729855017135
4.437030805342388
2.9955822598159485
2.9369111119333193
3.508576723547002
3.067236589278462
2.7785472135904308
2.6393405271140615
2.9316518607946627
2.1807525322814865
1.3675254010589777
2.1820288171939577
2.322223764769373
2.3867761553535694
1.9691673315034348
1.3575779482629668
1.4040171684713605
1.2446616110325943
1.1783414622016257
0.5678435675061502
1.234896919080965
0.5116080958431023
0.044741814089514886
0.6117316166034329
-0.41785307630113855
0.4383830784674785
-0.7641563073874811
-0.7362350289270514
0.0955964547860586
-0.8348963528257297
-0.5531032725507843
-1.6118322384070414
-0.3398948449560204
-1.4671541948438036
-1.4584398421915488
-1.28807959903652
-1.592842025447553
-1.5141802374989666
-1.8703701444969618
-1.5560666363015563
-2.0681526302294566
-1.908257382377665
-2.3766899983188843
-2.44662052476368
-1.9174708203726345
-3.425274342337664
-3.640931101052104
-3.163577942266459
-3.105087352806113
-2.537818949770335
-3.877672141544973
-3.821659724476862
-3.6101922410143334
-3.4006302381343296
-3.0860731347934403
-3.5700454341936063
-3.0287642987059717
-3.8499915928435553
-3.6120093196798275
-3.1723008643563646
-4.353960865644648
-4.100178493821308
-4.107412351791168
-4.179870272369842
-4.210979068222095
-4.225919633545456
-4.738531416119113
-3.9383656069186674
-3.444759324690001
-4.137197027012704
-4.244229503284887
-3.8091825692600576
-4.101861769202914
-4.114135595794398
-4.1071398621562745
-3.8972146464313626
-4.147097045475402
-3.8481451296812166
-4.008119127656304
-4.311515951705585
-4.399692951194467
-3.4573382751780506
-4.251183318143417
-4.068501980609718
-3.619706665855496
-3.75251525712174
-3.194271944876057
-4.266224958548474
-4.333144535644609
-3.7780252759096165
-4.6029860918694885
-3.18284424457622
-3.89897451395299
-3.0897617483846505
-2.5150321091966616
-2.679680178305602
-3.257534262380273
-2.7394633217767903
-3.574651642568831
-2.5193841015057883
-3.110172599092634
-2.660220225504038
-2.358013140267508
-1.3845994275854396
-2.0471431573930476
-2.348439449816776
-2.0827617780304215
-2.152282748704173
-1.8312747016632271
-1.5629181212110779
-1.1360803219432214
-0.9496253193943462
-1.3536969373934744
-0.7173160499460933
-0.6123307903296662
-1.8061530922920594
-0.3992329487071937
-0.6930867836080116
-0.2022739220759625
-0.1436877748891296
-0.24819705562393107
-0.8401747839492995
0.30101989050371014
0.18334587265673952
-0.3102227634644171
-0.6238753038619553
0.05403032704235322
0.2164657765974796
0.8397555116731243
0.47485447446096646
0.47201143800632644
0.7478391422426532
1.50999281478342
0.6041751727632205
0.44571247424701754
1.121475447911299
1.4456319265837787
1.5147805462772028
2.1078517291314287
1.4078254586516565
1.9011772489929037
1.9136553287782792
1.6101734603694797
1.8837683832783447
2.3373530701488288
2.0335784978892493
2.573848983756595
1.9070713652817601
2.7379740292541337
1.4125625725114186
2.578784810970851
2.633194363460281
2.8686729781754323
1.9891520856838758
2.6151088681564056
2.177350806362371
2.7970804493201022
2.5310455015102393
2.338642688886209
2.7381162334885696
2.128580986524142
2.2824798653582197
2.802741782119175
3.2186584078102434
2.5643629005864987
2.8251237415877304
1.991127360715804
2.959855972355472
3.1850890791745226
3.060282068373408
2.635631172192525
2.015854671827218
2.8266253129148593
2.1590435786112203
3.219938841151993
2.5319268347798816
2.502572731442961
1.9202935156317622
2.4419284969454877
3.1584690144286918
2.4106542750471833
1.9483691404715806
2.0040780255415735
1.7021644940907705
2.6662920331332653
2.411606517514226
2.637385582501184
1.950303386949491
3.1817563771234174
2.377357565960629
1.5602572980558236
1.353859977192807
1.9388127033514853
1.9272616053199412
1.4035319226717724
1.5477063583732902
1.6055225270929148
2.1098536554988145
1.7710360589000484
1.602858044648984
1.1994611735164207
1.9130774084389244
0.8969288217165523
0.7513439429688206
1.0195747187494517
1.2142645650330055
1.386874130462146
1.1053866521204792
0.9625891926180455
1.0559094457688054
0.1039589046646513
0.6069792745159656
0.9790347634898338
0.6012746112390212
-0.15756856632718558
0.9381555609217672
0.07452047888431595
0.37223811797485973
0.861614582656048
1.3651696355962017
0.3780432175102316
-0.15857704245027848
-0.40362714296273355
-0.1628661696433042
-0.49656857283796674
0.283757213488667
-0.008687997517118295
0.685072683908226
-0.668778300729826
-0.6949046509465137
0.0939291248385486
-0.5453926127314526
-0.9676531109497526
-0.47504748549557524
-1.249031500186559
0.17407401474476125
-0.8709023355494091
-0.4928572234528106
-0.47677020310578455
0.1539600493566422
-0.06360063160895246
-0.5234359649477033
-1.2242760378642505
-0.2266388880959056
-0.8573053070046126
-0.6907096211394571
-0.7470730500334629
-1.6182757710234124
-1.261590069640746
-1.254626072080322
-1.0185276961839447
-1.0155374210925632
-0.7559190566525613
-0.6540754078189635
-1.1194366554159167
-1.2314807811276165
-0.3967084058517667
-0.652947164963362
-1.1397440257923999
-0.9798089329087815
-0.03188214950246082
-0.7240512091262827
-1.1124692256103703
-0.8528876662115401
-1.3868285566891005
-1.0366490226838672
-1.6996484835590235
-0.9889219535745966
-1.049533442466863
-1.7664405499440363
-1.6490625647432142
-0.5370654759824036
-0.8847978971376722
-0.544969069363142
-0.5178849067829987
-1.1804200295645013
-1.243976021053814
-0.5240132692701642
-0.8417349237460039
-0.5198219424700607
-0.4531260997349996
-1.1800383163318593
-0.03438154745193944
-0.8975714381646813
-0.6294440232506059
-0.623497860932018
-0.17093680973125658
-0.7382405812205269
-0.6711519477006176
-0.6489321141951144
-1.16585483119216
-0.3794573803367937
-0.3908318520614392
-0.47721586523828924
-0.02125432149172002
-0.5603850209307343
-0.6153939780431887
-0.3289027109432808
-0.0215575482458063
-0.08410586496701403
-0.4638843407287353
-0.2025021634743549
-0.4441938904216925
-0.9362656578162
-0.7014501496919221
0.29526943746742695
0.13108266620037967
-0.21434467164931725
0.03866806675954142
-0.09318451115561213
-0.06707284217868782
0.9402593953416379
0.27534528625206317
-0.6424386813984726
0.2428896651670591
1.0435037405576442
0.5738789512918566
-0.460723246158953
0.5193403420138495
0.061483159523707004
-0.11171148378331187
0.17019745366420932
0.20231033377614024
-0.3691712591824782
-0.22334820791519855
-0.35351040626301095
-0.2678777926122824
-0.17956684636754644
0.15780209602690126
0.8447726222768416
0.4204459246552751
-0.5817579077583926
0.04517327370017232
0.046089932816757814
-0.18578568528977663
-0.2174741906838555
-0.1413756007723124
-0.37071524068917366
-0.31072912543537823
-0.12536465915629205
-0.18440088230538781
-0.173432381409805
-0.3479003253030962
-0.3093620097553096
-0.2964733011762727
-0.36315274477366355
-0.31210946162445874
-0.3580120586965545
-0.15389497281248998
-0.17699958534627291
-0.03760396658497145
-0.08781244478660652
-0.1638947118071278
-0.17009414304167897
-0.14056591907886642
-0.20293855767131286
-0.16748480589427944
-0.042822724894125905
0.0180963300279949
0.10466018885160917
0.026952548997565884
0.09472910648435934
0.09532888418582447
0.11303086968162385
0.11294009486114125
0.08325959949082959
0.3189298188230474
0.07562943018564942
0.25554183076049464
0.17257878832944273
0.14983357397740119
0.3565616046841647
0.25887014274653
0.321140520641387
0.42942728328236934
0.17553708732505185
0.21141208007588796
0.31306111450166335
0.22567028780076193
0.25745656818227675
0.3880588442388053
0.12052139470815387
0.2847002574878049
0.2936004005265602
0.09777115489209877
0.0568724383037901
0.010649489871931844
0.002767979626488823
-0.007599929559475568
-0.06916372859977703
-0.07839081041136123
0.015792327667312808
-0.0010255403317290142
-0.09549619201347631
-0.1417923278745858
-0.03486583226344467
-0.01166913979909566
0.03020614174750194
-0.31737171707355777
-0.1654231353744633
-0.2539738951706085
-0.20732560494563915
-0.10078261828159
-0.22733944156638475
-0.3138013888830671
-0.19786180358094602
-0.23657262070158336
-0.11732621367742156
-0.31049430543332357
-0.3759545812167448
-0.32837528588844345
-0.12273451560342277
-0.17628741790581978
-0.13944177622545845
-0.2833724676996077
-0.13639651785824666
-0.211764275145639
-0.05926837383588607
-0.33697791400249477
-0.05283243572246844
-0.04110406067479041
0.09064319607856974
-0.08773538295089513
-0.07772617469732332
0.01879145738297896
0.022988249395478243
-0.10731230660028065
0.024368404760552798
0.1340638873119276
0.2790461949212404
0.1342362512334637
0.30287179838395795
0.20185364517971874
0.06938913610115283
0.15494910193777012
0.2378533597670066
0.05368334362537566
0.2256381221968691
0.20646642938748877
0.056565739068791254
0.14493267704032836
0.2501977970154449
0.2043334111059156
0.17823918207113779
0.0725596366888383
0.005608635835418624
-0.014173037269509636
0.04729155653224651
0.00453972853179202
-0.10683174386984343
0.1871074058978765
0.18201019475313884
0.16856512996697465
0.19857263236423373
-0.09892507458062363
-0.08571296053267544
-0.07689952754065385
-0.1073617992767914
-0.29648495498386856
-0.08070541181624001
-0.11723586819901168
-0.0006129911492656903
-0.11707748895959129
-0.19453965640334112
-0.23024346996631406
-0.15645944861065303
-0.18636064137356348
-0.09402105755654676
-0.19923634865511305
-0.04459113616806998
-0.1562272985367029
-0.22488306682551212
-0.14530120961684245
-0.1499799548980154
-0.2066286877335263
-0.2014140793808143
-0.3235184045460391
-0.1309306056608441
0.04061930009730119
-0.04923927742553966
-0.08355063521004721
-0.07809032516561587
-0.09017352561795376
-0.06301774188121856
-0.11573792801417584
0.052842818767952576
-0.1356617133985792
0.014253043502679478
0.05665632237903934
0.15160788575287662
0.01022304337662705
0.2464819806622317
0.12278891922130827
0.1739679546236197
0.07316899499200723
0.09083311156162209
0.23005182385901057
0.039464684677147394
0.17211422370554236
0.21190011304580506
0.11140052341616939
-0.07387560378740998
0.23031761446637777
0.279683400127848
0.29458222311049687
0.3651744017654193
0.019638764187963065
0.13507154843302902
0.1705625661540614
0.14999312051625796
0.03297655120550701
0.12254520185927202
0.04799908184784625
0.007631597727376857
0.06970871968250651
0.20350733727221768
-0.29453968623049764
0.13025349150276544
-0.1641591205993604
-0.14621196604694697
0.025493646891999663
-0.1121715041935239
-0.163246325029218
-0.13203574694731907
-0.15374587515666752
-0.22756054196151723
-0.17146384048670144
-0.28169495522510357
0.025640780226425852
-0.21140824369113456
-0.11521750180297918
0.05214457055566063
-0.05042823200275172
-0.07392164817550649
-0.24652090018851852
-0.2242713632830805
-0.10965568757120536
-0.12726665127539877
-0.11348465545515261
-0.20535344533018507
-0.2647764786651453
-0.20105900444997482
-0.08699267081780303
-0.22694321155122243
0.011970233781399053
0.021960158062311774
0.03387333818998835
0.033024693617739735
0.25755246625094763
0.12298373727108812
-0.04274168588843798
0.1983494870522863
0.15964419596020782
0.07282781427749016
0.11333463263691695
0.13274637935543354
0.1637691507915377
0.14146367951232525
0.12414242162175851
0.11987725120221697
0.14254557368667303
0.14866404755039017
0.06328122670266453
0.10191086309013606
0.015529000351145933
0.18487228675509096
0.055603994032764184
0.15124563006494712
0.2920662601533245
0.10847809353223556
0.12114663869185205
0.22111170806323893
0.08476095247235055
0.14392255637358553
0.24752995623755922
0.24022140578009885
-0.012136423305087664
-0.0909258036309365
-0.06909866367159495
-0.041682974183748195
0.18175315623600855
0.060227052696264056
-0.05546784505459622
-0.0361432123965382
-0.02270260962669332
-0.08947419919157848
-0.1275336368096508
-0.19228569940284929
-0.2676012762376884
0.08406019647944685
-0.10357451107582863
-0.27244596097953866
-0.24964095275298892
-0.14855294726482926
-0.2144997398265574
-0.10034303423098881
-0.012564243885651999
-0.05542771861951454
-0.17047046785922504
-0.1471013142672966
-0.08486731554189966
-0.2879775854595563
0.09252258339249717
-0.012784565342127407
-0.002144231112112302
-0.10438209923307075
0.04047735261635542
-0.28593425592577176
-0.14094697661614242
0.03739053398879022
-0.09425270276720989
0.2508955071494596
0.07329023632590509
0.024835693502061516
-0.19425653534331513
0.01608224420560154
0.15072172034253328
0.09503411891542762
0.08667198953897216
-0.051682328932437016
0.09497703742340369
0.09540039698781137
0.10928896793792953
0.17990313283384327
0.23161274140758406
0.08322616182854677
0.18169039459773434
0.17185788281214165
0.0350539955636187
0.12313945016088365
0.25517848717060165
0.19643120954781118
0.3070584998414596
0.07942924953631006
0.0017438619874940997
0.008503282953538416
0.06967448045621553
0.10641217216711313
0.13845537960832122
0.02136636746578002
0.041924069104835766
0.0074134272808647084
0.07371543283875917
-0.016729640624549433
0.014197058548183334
0.03896667383923187
-0.07685652154574031
0.021833822357456026
-0.017112107630479198
0.03894749506749312
0.043896491406887395
-0.13061044771247532
-0.013860050330488774
-0.09374397040221484
-0.0915091418864477
-0.08952031268933643
-0.15156255699408933
-0.03231058526668934
-0.21823494140381677
-0.11562122560756659
-0.14484997343763945
-0.05514701727689213
-0.05000721711404756
-0.03788736387315352
0.00880985170332342
-0.06775961063141711
-0.07648597760673163
-0.021045787618395415
-0.19594527667397077
-0.04286558143073163
-0.16300184229659564
0.05191169353822396
0.025247314270139157
-0.21567397780885775
-0.1806896482489687
0.09841722407670499
0.1369873609525414
0.07962434654391819
0.07557330077867616
0.05689504999166567
0.19248805937747043
0.16237391359465503
-0.038343516966356725
-0.019900623262606096
0.07253579526490933
0.08097023716698569
0.1306957256948805
0.3557748184546995
0.08906672140498897
-0.05145397729729134
0.01769083567035805
0.023689083619063883
0.1423955465465081
0.17152333814171708
0.052652353976212755
0.24442826829816075
0.23376909096793286
-0.026544987788941862
0.2590864920792149
0.14642288206707404
-0.08936153181655113
0.11776657656607281
0.09882366002806006
-0.011403817470246543
0.10601327774660765
0.2552761165856253
0.05999295724450191
-0.1494102076392976
-0.06673402227999337
-0.025075380362576963
-0.15001824093922012
-0.14666463889936715
-0.042262835218539074
-0.11687419397123819
-0.0011399733389772099
-0.04915613968632469
0.037534864492831124
0.05975969445366855
-0.07089534167158998
-0.13269543895360178
0.06642390725621573
-0.24326403069611574
-0.08267904322484192
-0.06868150973564957
0.00912235541862047
-0.2494870269007837
0.040591134350763794
-0.05566680798863659
0.06475653088343054
-0.03331479117132596
-0.0407630396051758
-0.10569903979434248
-0.1690991447297602
-0.09078701874524184
-0.012259976582729395
0.07574825657755958
-0.13289485448543248
-0.1123177064242011
0.076145035945032
0.062373666679046744
0.09784105711945663
0.006641946942735608
0.1589361479625629
0.15915916491888496
-0.09827432827280942
0.28681382810790795
0.15957402305715512
0.24674413423198488
0.11390273487416597
0.08682988234115671
0.06534066413413925
-0.03115095252734315
0.08722687691109537
0.1256393495630917
0.09251929920647828
0.011071563569391707
0.10813039042325731
0.031048800686649558
0.30207225209878974
0.049499248105802425
0.004356308360227129
0.10684067794814887
0.08557664274202892
0.035530648421559126
-0.043560068235125135
-0.020881327796704513
0.052878322769067065
0.01760268222813885
0.08273194353721847
-0.06966687523686314
-0.06976184378999545
0.04113522545175979
-0.263405772983043
0.05382404092254657
0.08557554887523737
0.01945295166913638
-0.21038040954018886
-0.27998256174775016
-0.14290817387802363
0.0034407344804246592
0.025550149991173013
0.03356607203706896
0.020269202586160176
-0.12990524172038564
-0.030602551723218796
-0.13691559616332014
-0.163659087786469
-0.28882431150458937
-0.14320872559198133
0.07420750653701752
-0.03006063810864148
-0.06870219651271434
-0.27043467015846184
-0.2379726402765344
-0.17750877789467878
-0.3989453489809875
0.047019221850282025
-0.017655602161169362
0.10563339018475684
-0.21093820486518866
-0.04563777810444947
0.07936925521229805
0.10140250037901115
-0.06372090777071124
-0.049574626377673285
0.015988841833140924
-0.06856022572892431
-0.13810774388138042
-0.01822911021130489
0.07280183070644128
0.07712039901703154
0.10270091411637479
-0.02546358385875594
-0.020942750180452635
0.09108689434725219
0.11733282197374484
0.10498873787361873
0.04602369905052116
0.1440111186296537
0.21998468044656908
-0.12784613759086444
0.11226088277440363
0.07727958182971141
0.11576212953876847
-0.006920748730002521
0.14662613549649287
0.11281644713369204
-0.10207880958189579
0.07944715866818107
-0.009887584092298406
-0.10966885697735199
-0.04065579634330838
0.11167510813575722
0.06569696294021042
