0.025657951151200942
0.008631649924575973
0.05505247070519448
0.018894268594862148
0.020556241336209917
0.02977616709551191
0.010915922598200001
0.05071219726258168
-0.03412693322737384
-0.026987956238772422
0.02445708031935522
0.0442494240265471
-0.006397739582325131
0.0789811211226603
0.024510409438335587
0.0742471487601102
-0.021214433824485845
0.003412897768312505
-0.021908829674164902
-0.0034743115198688536
-0.02063432380161769
0.004391226028363884
-0.0006946052313462851
-0.02276069178972886
-0.028242426500390137
0.002348520330125697
0.01973469793701132
0.029473643916602933
-0.008074081894033122
-0.0457162164675098
0.05159042919138408
-0.004572371777849095
0.007581587974137794
0.015616557650088665
0.023431415992564594
-0.0684215356381075
-0.012005096370105424
0.03221499529898967
-0.011141415079965874
0.01196835633495622
0.05218148295876617
0.06616579694895337
-0.05355949563900439
-0.03681402370931677
-0.006801166944023656
0.00838200010805329
0.042252458972099435
0.040326194968949895
-0.056479440239995536
0.007054845750356156
-0.0018659404986405704
0.022315102315886272
-0.07214839671406299
0.010885735526159878
-0.026457865641151983
-0.0012925602330875175
-0.03685719580881942
0.01044798246905591
-0.041879624986309184
-0.018437954264815922
-0.017610562947607003
0.029884807249854244
0.02054970847650753
0.02002558582792056
-0.042440463355007355
0.008206842186692346
-0.015989888556421833
-0.004559639439305346
0.009196802588853095
-0.01796023394346379
-0.06559812413939882
0.01842227457574496
0.07426360673405821
0.012676020435932165
0.0576326929235075
-0.05713786548435484
0.01979502331768566
0.012015159626796421
-0.0482712806808669
-0.02407851055463377
-0.0014277191926058382
0.020678999272902437
-0.08631168267250797
0.015768694470385567
-0.021005672734451104
-0.005772584475347874
0.06609522526133998
-0.02009428864944109
-0.0266258022810725
0.0038028085442957877
-0.008270149928708755
0.018232345927724238
-0.0007077956185243615
0.030574506810515458
-0.008887087069296832
0.027712131650974803
0.00657259369366318
0.010949662031018331
-0.0737751931529677
0.0053539317741750775
0.0009404686529571488
0.016219479737697932
-0.046000426425236864
-0.012756643866320912
0.02041513613106119
-0.02906954865340226
-0.0488150545366768
-0.02089792721170213
-0.022930065655861767
-0.060879974610043124
-0.004946393374473363
0.0486846667182612
-0.018281944389719355
-0.00372400321905702
0.026858264299507675
0.018183574529886892
-0.0016157255691932424
0.008251308983124706
0.04703817334063809
-0.015692274204633996
0.023162530561377088
-0.04073939340544999
0.0444373437882139
0.041555492914339714
-0.026425431786924785
0.04658057894254667
0.006500470954429885
0.0022538784225390397
0.003031163508610316
0.008291894274746761
-0.0022355608292495242
-0.02428619364185876
-0.03227527804412671
0.03435815611625307
-0.004856979821160654
0.0014259915234091447
0.009664750250694581
-0.007856577339764465
-0.048124940906136886
0.025837238156277822
-0.003713771743305608
-0.001825489399167671
0.0014701797397209764
0.04921849104262411
-0.013573341986836416
0.04120927596750603
-0.047950002073966845
0.008503498008270497
-0.028200331916255136
0.03923536630852513
0.037610274799648825
-0.031184620136482554
-0.018650228152180492
-0.0581580069773215
-0.027356139930401726
0.04144057696905736
-0.015512678407657361
0.03583202525185631
-0.010945386023217783
0.0022831799743118237
-0.0394575899918694
0.02927441820974103
-0.056620904749053416
-0.03826566893903725
0.03809654943545424
-0.020498760130385398
-0.07336288184462178
0.009923558852580344
-0.01370556523406888
-0.021708188648908135
0.03020551601396603
-0.00045584848148253984
0.028424806465085096
-0.020714289696854214
0.022244339651786866
0.008663852272184636
-0.020907351633143337
0.008538334690886124
0.015212156525894641
-0.0011784863287456222
0.06148555641890791
0.029259092100395158
-0.050548664843038306
-0.027643552901466084
0.01629058266333928
-0.03272356876153419
-0.020618189591962554
0.045357260953055326
0.03148374033475931
0.002184007521372975
-0.023695162937119388
-0.024170620224627345
-0.026681303659806668
0.026615808424000215
0.01617442024036504
-0.013567886417159178
-0.01119364011126418
0.01223152721340802
0.021692081951688626
0.007395078669121772
0.007065343534238078
-0.016655541906933143
-0.023160353888456116
0.021500424202645523
-0.033111826719582724
0.0007642058828260304
-0.024695761687876985
-0.021711864961007743
0.031004949665599666
-0.0017735255022376453
0.008012878921631123
0.0032536192075184123
0.054839926365487665
0.018084709841137525
-0.010699974599066627
0.024364675189470508
0.01076240026363326
0.050829284979195796
0.009860813645896126
0.030268586920571394
0.008012293558647772
0.10069777821100338
0.015344852594536806
0.01118762182032825
0.03771885179410616
0.06794159960252188
0.038181249282380085
-0.020779753804453936
0.02895723272155862
-0.01803867952242222
-0.05935651010957111
0.06806330294274722
-0.04107773417075053
0.006966042044120804
-0.013784293435731744
-0.040889238507301084
-0.002106142465981861
0.004206142025720994
0.008011894124486395
-0.03631475563059883
0.039662631591942804
-0.003510169155486408
0.0068884005119026
-0.028773600934246423
0.0109711166998807
0.016661679707429263
0.013951789650687874
-0.012577636283368075
-0.017729956715988274
0.04073497989673815
-0.005391910132880534
-0.016510409503477177
0.06834647800911278
-0.04641706340636863
0.023103259860870518
-0.009938615930251667
0.02360499964042002
0.024222945490288753
0.01167872734347396
-0.007337092526357864
-0.00865886426650398
-0.07296156429208261
0.022767774536312936
0.03775437700962861
-0.0033906828143691068
0.015644300740696265
0.03281214332223458
0.07094711177152156
0.040432321306738336
0.019396717152738083
0.0335277711501202
-0.05136463370760925
0.0058293913464409096
-0.0056028695346447355
-0.05309168160520313
0.009063179520837282
0.03122009702864091
0.004933700936261066
0.02116089204862627
0.01655963377210826
0.024470695509524805
0.0037783632759729865
0.03986068858146832
0.001072821752413303
0.007007039543918801
0.05762758994849789
-0.03445463734307878
0.003226630081252745
-0.005245002548042755
0.015803208415257265
0.03693776657278203
0.010878513777965651
-0.017626823230709607
0.046669190338286926
-0.0429945829606522
0.02576853761732217
-0.017059271454075493
-0.010362923404801997
-0.0311929929920496
0.0013400791377163334
0.6068919686183493
0.6816530871078958
0.7969835233260637
0.8285848404657871
0.847380314806238
0.9807919535968366
0.7833659415963659
0.9297465814309072
0.9694929122810922
0.7775181331131378
0.8747614043021533
0.9735065190826235
0.7448397748257746
0.585861830407371
0.9573946277522123
0.735428707992293
0.6630639554542227
0.7320479912794577
0.5666740221449118
0.46767126187117797
0.2783384698660823
0.39149866547439605
0.258455607695665
0.1946090062614258
-0.004922871137874121
-0.08960986051248292
-0.03594368414864882
-0.13258083710068358
-0.17996757892765386
-0.265584000422082
-0.30760586723680106
-0.39968202289785026
-0.5219108889154838
-0.8156306936486679
-0.6559505226622112
-0.7171512411551509
-0.5621046085542762
-0.760339815386963
-0.727317800788807
-0.7506497143384937
-0.7580501784618633
-0.6797437438518302
-0.7519023687145864
-0.625705813052321
-0.5310589693828727
-0.44327019566440934
-0.5897840490909421
-0.6253785321419466
-0.4751927178355987
-0.3526533984327572
-0.3408050142860575
-0.2866341955062238
-0.21208744750477027
-0.2736026786916936
-0.115935063931809
-0.06713989800603788
0.1769241370713043
0.0889553128669031
0.2865265819805232
0.08303779744214437
0.1209392831629668
0.31934990333292457
0.3001094657465217
0.38803224545132176
0.41735599614378305
0.41416017251424575
0.3488410989983973
0.5905620528388175
0.19000587637470295
0.4775987081787279
0.5866531133164234
0.47194737240475815
0.40328904268725346
0.6459206207436039
0.5733397968867374
0.5497730898766365
0.43119733002450317
0.34725678711897656
0.3522292714658055
0.46870232164674364
0.3381019172291653
0.19669055926042245
0.20105082590249598
0.1113676713101808
0.15567677197466448
0.11652925271977567
0.10081422775209505
0.06839149023780394
-0.0953524322190078
-0.22133447408900908
-0.17458487419927088
-0.16171541545961624
-0.14108552674019004
-0.24640978348678796
-0.30812469863032343
-0.30896552226819496
-0.32341287303674837
-0.3359290464543434
-0.26590153832039765
-0.33786748950558454
-0.1985403148169264
-0.5562495487153953
-0.3448525153007856
-0.41304682399897347
-0.28814228377708084
-0.3985033770706706
-0.2838674954827274
-0.4134861918752954
-0.3128686630798733
-0.24983905473858936
-0.1298862261853383
-0.24093801507657742
-0.30181436585068666
-0.19271708109199318
-0.234018467113378
-0.0007185137548126608
-0.06578450013973418
-0.017057516621168955
0.11299193106658098
0.16509670988824934
-0.04289551880718839
-0.006818878381337587
0.14229231427586342
0.18920775953235136
0.12886005898825612
0.10369131434404132
0.397880694656338
0.31103903923554155
0.154882266902528
0.20735491938632974
0.0536082989677778
0.2145838310630691
0.3909606193879054
0.4851601902216365
0.4224366606842661
0.3904254706269694
0.08828452943304138
0.28528813778604667
0.16860591159626181
0.18148649901138772
0.2958374559504451
0.082620822299969
0.19240926666279443
-0.005337789450030439
0.18102636949747472
0.18226688036325422
-0.014245463578220971
0.10260476554422057
0.049899037222383466
0.03841575597926319
0.025398407788358394
-0.03753783597986604
0.009336416618738234
-0.139654925201238
-0.06554037708119109
-0.2087836783462625
-0.07710078767243647
-0.1462453118154606
-0.2835899135850557
-0.19055760940865135
-0.12562707944547047
-0.29897297278795704
-0.1075568650063214
-0.1204408781886608
-0.27045335433849477
-0.13708536034227742
-0.1596766378184242
0.001686012043401186
-0.1399391293975406
-0.06958727054350627
-0.20618347539405246
-0.3035649245328558
-0.2753937921488947
-0.15093219215822573
-0.059938158016976065
-0.012268261419667359
-0.006438912240417052
0.004885258929340483
-0.27322772041768184
0.033263119988195915
-0.08591106287892783
-0.06425706199729891
-0.044210773401014904
-0.0840288795643987
0.10764667115191248
0.06325137687677954
-0.051175108552435955
0.11458801281968592
0.2663500287867113
0.057109867791791336
0.04237580826605736
0.10944809480935794
0.056951694804524194
0.028291238330489674
0.1432505713650295
0.05202205622753947
0.09183228054585926
0.21375501616060164
0.22084160402663816
0.19828950508329593
0.3062431785812334
0.20590552246526977
0.17395115211791531
-0.03747035363888708
0.05803272049240044
0.09127108426456214
0.0031078614645235203
-0.020806076220651643
-0.055030030083904974
0.03124878667549766
0.05757179539362871
0.24282605237212468
-0.14267630096437642
0.05499686215882257
-0.07606863632281358
-0.03391448595218231
-0.13759852309940818
-0.1216018048844126
-0.06518646521749717
0.002024795456209469
-0.1087181536681439
-0.05518962560722677
-0.09076663835253268
-0.2555941301251685
-0.02122070963762865
-0.19116159705783972
0.00934282976019847
-0.0719473885342454
0.04100668328854347
0.09956854019654476
-0.2455765771741379
-0.20710389699419468
-0.10385828212302547
0.045186144731221914
-0.13895249703010737
-0.0342582902312414
0.0593267051950392
0.009380364708864802
-0.22411896889837205
-0.15096484732708726
-0.007110032390245453
0.026314988186386123
0.0879427210292345
-0.013527130806172637
-0.1065274005981706
0.07481350375617524
-0.09913601693743132
-0.15518085242743335
0.09328871778307223
0.0362130811692307
-0.03722027335400546
0.0494345317238945
0.06052635146394137
-0.09722109866494799
0.039060181989467244
0.13563644193932028
-0.012273653012657398
0.17394391291290628
0.14107340810854152
0.03810315709832659
0.04552363138862729
0.16186747696029546
0.10581688444247866
-0.009000184137798142
0.3394693679697873
0.048665334665248555
0.1242836960390328
-0.05359634700547454
-0.07180308160408165
-0.0522364431721084
-0.04206461834736434
-0.04603121254282939
-0.0817643598085302
-0.0034241617709965845
-0.1063315410902885
0.006877567737229886
-0.10045152135402442
0.01261761826408681
-0.03067947862303344
-0.017828651317741744
0.07871355946209192
-0.04982806861837398
-0.23853104212680437
0.0649624951570897
0.00693247326162405
-0.20339303294273514
0.044488268251513065
0.030904430435929303
-0.008693274426406862
-0.053504379257332695
-0.05027618594576098
-0.23687751658874093
-0.07275928839706736
-0.12975298701584215
-0.10832417616859433
-0.055253607056343135
-0.09388259207647949
-0.05482445871892151
-0.09242639816722814
-0.023595100202368043
0.032462630300120386
-0.08937312914770458
0.06450624779559552
-0.03358340760409597
0.08601223433659581
-0.09838356721065852
0.08793569106362918
-0.09024758278153444
0.01394881677078444
0.07185773656728753
0.1960309356859071
0.14707805578213262
0.0014601663340446172
0.23178731279106057
0.14734910820984864
0.009769597715991958
-0.010023275840792954
0.12161705085236868
-0.07024341839749336
-0.09732990432613742
-0.17110852622786393
0.016926459997815526
-0.05841117133102796
0.09074939344697777
7.214564382850702e-05
0.06363739437154675
0.05251939406040247
0.05353817427699328
0.040421424137869616
-0.024999271691411053
0.04863404331301071
-0.03589644897068896
0.09767126255959939
-0.08360826796449629
0.13359729865308015
0.17068688236833668
-0.21496277587043358
0.16510300811606812
-0.005594648447694928
0.058418030399059656
-0.22495002733056185
0.08589857705665577
-0.0018993489553233555
-0.07750044406837388
0.0031430385059648576
-0.10481342889679193
-0.04338667383634341
-0.04677027586331625
-0.04095726564515953
-0.24893334941225181
0.1174223223784485
-0.04660057639088606
-0.128694883535915
0.2450667356986578
-0.14448185828338822
0.010306283599926084
-0.02459251445745117
-0.20335441351181438
-0.1677296052057657
-0.11027083819259348
-0.1942469951627973
-0.054555008129550234
-0.03572974027989523
-0.008294659929148835
0.05548107870521171
-0.11237506153187819
0.14572408336627557
-0.07316224859005925
0.07537435897472505
0.10740570882712089
-0.019445406591397256
0.1564263856362048
-0.046248656321274964
-0.06630530855029015
-0.062011369836742714
-0.04332818874243394
0.05838141638101581
-0.1874840616835542
0.017282757423229652
-0.06792021825801987
-0.08279702316041751
0.03332412388432258
-0.04853627712969222
-0.07000087363233429
0.030896913926054863
-0.03016195034875553
0.0176950083619447
0.10207763778677595
0.07148920021971719
-0.011150471291049006
-0.2005841553887563
-0.09020676224937732
0.029159089699237736
0.015284772918681782
0.11364337732752508
0.08089365554447277
0.024412174565977305
0.00993186017233115
0.02151686533984637
-0.08273363267166851
-0.15202172772902176
-0.13518344607303107
0.05249523941762582
0.09776428058105578
-0.01865999757529186
-0.014560687609405425
-0.18946509261289907
0.09036359225502438
0.03348004998732958
-0.07229135287490421
0.0843166217630835
0.09008840528684543
-0.2516652845859448
-0.08645604798146711
-0.15838270944345836
0.09838648150478316
-0.16728975703859117
-0.09069632908016945
-0.062012850273545306
0.21992686051926238
0.13421253760640642
0.0752514346202199
0.14726371962341386
0.06069986021884137
0.016970399891160587
0.019148790479420114
-0.04420904722314858
0.025009472868372316
-0.09815091975553586
-0.002362781800092471
0.10266808553751622
0.01735867788047682
-0.0922669397633711
0.010906314508168459
0.04582619466957976
0.13644471532386548
-0.01697995001311614
-0.3154916358636442
-0.028958920840564867
-0.09589626767613202
-0.047345530892420905
0.12664855784926607
-0.09292800085358921
0.062401414858072345
0.07293914024042214
0.043716919866096604
0.005040324368552708
0.0033442723358407256
0.07718388518926061
0.15319390211725747
-0.058679458602398614
-0.09056607298219183
-0.07287628524063738
0.05239420212092742
0.016727883436042895
0.07489482867898968
0.20001691096815905
-0.09360558716526138
-0.0739044973227705
-0.14476009825728256
-0.11306182881930502
0.012864416155303404
-0.14393051234483262
0.16753825992043325
-0.12034153121748953
-0.08018454945254247
0.030116828969964517
-0.09483511565328001
-0.034520698238533674
0.02424102482506605
0.18697316716020154
0.0018326233745127691
0.21905316839356012
0.08708455174005023
0.014038591567654662
0.09781596505179374
-0.019924854151285427
-0.10562923417562457
-0.07329514529613858
-0.035716690316935126
-0.0639960254720394
-0.08905848582723556
-0.03734519666324406
-0.060381082140799305
-0.038542997278424355
-0.13057581651053254
-0.05300139625115022
-0.02772108642614449
-0.0834000484625966
0.0981476477240752
-0.030710330660633143
0.029509187124648735
-0.11823970867533286
0.09444267674271403
-0.07604483062872369
0.09380430732127372
-0.0804881401166557
0.043010156139485944
0.004944973638543753
-0.13447477639327018
-0.11074976210230132
-0.028161579872777523
-0.09770719307063536
-0.024171632346390217
0.1013480613244334
0.070030561970071
-0.12983635242979724
0.27224702054749567
0.13995707930282042
-0.03551533318161187
0.0199533034741829
0.170796426573635
0.15783881748996098
-0.03687279474303234
0.16129876853502215
0.2283678238484778
0.01706811710052191
-0.011429564927358247
0.23995622123108656
0.13291690759784008
-0.31967611518260564
0.08002216221475789
-0.005332436329795904
-0.1335328374539358
0.053725816366714314
-0.2297082790630121
0.06804229076696254
-0.32734552973153735
-0.14873655475077652
-0.07108930248220091
-0.038930274010545184
0.0034937471411067415
0.1565886570462791
-0.25773186081974275
-0.02439486473580056
-0.004017458430204138
0.013883775144060433
-0.06072733261567746
-0.30069253690483777
-0.06009303769916895
0.23774334664408814
-0.04124676644232447
0.027063459201764978
-0.007175542431503623
-0.021314173975547246
0.10065516469401423
0.06462357879264159
-0.05254721964520547
-0.22052709877718638
0.09852077936299487
0.08599922697626836
0.0013683840497650133
0.14310360975862318
0.24582703474085313
0.03750862489460468
0.2501932615107734
-0.20761242314934242
-0.2779956571955403
-0.07594966207725662
0.21684087025267945
-0.1632002392379305
-0.29101960532935306
-0.023558312423715592
0.02259189855289485
0.09572648121131873
-0.1765758577011678
-0.16640015472436465
-0.06309750920222196
-0.04779634491074732
0.3149845922128091
-0.02509029846270624
0.10502071688444005
0.10339021597011926
-0.08556708799041936
0.11804564214826112
-0.1413142588310339
0.01698275798935357
-0.017061793148919667
-0.05961514556984321
-0.0759922509958268
-0.034204783951321024
-0.25643373359754573
0.015513663025153593
-0.002424322358874005
-0.0037377850697060257
0.16365047298595928
-0.21339353839170358
-0.003824917461091257
0.08520562446277964
0.26539917641399596
0.11972466982602953
0.03626851125684912
0.03884809162252689
0.06974223269649563
-0.06574377056235693
-0.12851261488413704
0.12152331154233294
-0.043610179046581446
-0.10906611307035942
-0.2013210484417247
0.07758426963770608
0.2376726537291616
-0.0920939256346647
-0.25819213039550776
-0.11379478626701375
0.06362946520388467
0.06053234068123585
-0.17192329859013056
-0.1572028576839573
0.1731295810496651
0.023921732811856302
0.09641284430780017
0.11759087445494677
0.030313063545557198
-0.03157565500395399
-0.2572970981662676
-0.06910222028498379
0.015248201423093192
-0.1198871040353783
-0.005037569958051094
-0.10646592934355899
0.016882085102884543
-0.1224726983213173
-0.11291879255579991
-0.06553609057409339
0.08793484259865966
-0.18693601764617518
0.09762010897149444
-0.16588915620431768
-0.11688819261012573
-0.09473176758135977
-0.2362977348305024
0.24627157389742288
-0.01480366177959754
0.016151693452684995
-0.0008803359328780783
0.09679093114842417
-0.0057441437601569644
0.06392277103507996
-0.13564963826491133
-0.07013851149036006
-0.24621454342262267
0.10515010380357775
-0.040001154270889704
0.11929100546988494
0.13617114086712492
0.06600328792521298
-0.10389148159145126
-0.05174175467343791
-0.21432576343933965
0.09593060553535852
0.05624268850374729
0.031735365015525166
-0.05933682672852739
-0.2761994725542935
0.20605907507748
0.07481684901456097
0.07433375380627737
-0.45645444700244947
0.001524042728553368
0.055640332524305974
0.11381107407411327
0.24197238771515373
0.09452968651569148
0.18362463925048755
-0.09275214593758525
-0.12924074405032976
-0.3207002674096745
0.052730370575073404
0.08385042334491817
-0.08555096496448854
0.04160659173661685
0.061135840588355646
0.2814990267921836
0.2748779687839554
0.17690129644072833
0.35529417784692563
-0.08930247702151622
-0.04059193927153024
-0.18726545947932224
0.028482863334425318
0.40927866867984025
-0.10768781142553027
0.09598824814410808
0.049408675482944954
0.24037751429644713
0.02189940636960316
0.03642331929077238
0.012060834021929005
-0.2690678962519868
0.13951089695989854
-0.10825794743191404
-0.07770561809724587
-0.3292771437699618
-0.02184703773608609
-0.20770757668819348
0.11894124331354797
-0.31666988905697324
0.048151134246123904
-0.15045082568444587
0.02809727522383085
0.15734691542796955
0.13421574051930454
0.09229699330458935
0.11668622620844465
0.1075007108718334
0.010912204211965336
0.06363441145943163
0.0018867347922557809
0.06484061616605763
0.10986830297334452
0.01986890479498855
-0.08168279585781799
0.06912164743162957
0.040531777819374205
-0.033084720219277636
0.2512076112237447
0.3081652965260475
0.11395164668602148
0.09011738280465707
-0.3816032854513729
0.017736386671411777
0.2023003427130772
0.15851983392002636
-0.09270115223641306
0.07314857161293996
-0.01767958664143662
-0.08502837555965632
-0.05357240159339406
0.033684273066745374
-0.01931855258740104
-0.004798100014113583
-0.24134096557367263
-0.06707826228563145
0.11875199179307026
0.10020034534650103
-0.3636219806722194
-0.02481096970911249
0.015722150171194042
0.09550198652904078
0.014876170458080023
0.0879990003247866
-0.02253171496011865
-0.12171340977109893
0.2868404150955173
-0.10359577277545054
-0.05707439081367305
0.08402039018247678
-0.1328156502708989
-0.058134699876359205
-0.1712758746283507
0.16433092955437437
0.20318938905254857
0.08237890839704437
-0.10982987176994276
0.11100023892876502
0.003800173147400418
0.18923117359732797
0.04159029274417148
-0.10823415745364098
-0.27496648059956874
0.07359872930786915
0.19653165667135222
0.06415117813491382
0.21769034580829813
0.2033472056333205
0.19468992413169106
-0.5312412957082512
0.31574551108977933
0.010769636469143749
-0.44870333375877774
0.01496145296783044
0.18681848853156915
0.008547056585850643
0.2290031632677932
0.1484605515991272
0.022669947316152163
0.1945834706759679
0.23123094610017592
-0.25365397671351003
-0.048007425460898784
0.016946370007647617
-0.09764699483484317
0.03391138388396191
-0.046138979137992066
0.18476565799526423
0.06931525499794647
-0.12355534800891836
-0.04014244311507086
0.17369200393645556
0.07260593699113968
-0.06391012660379096
0.15950438951837673
0.13944206352453722
-0.1940676473730194
-0.024397935079438653
-0.153240598267303
-0.06873713186936396
0.4580545009745873
0.18869236132505846
0.00474897820627827
0.15365415270220933
0.35913699429931023
0.3991056323410771
0.3880351788388834
0.7821632243011805
0.7052076540204528
1.1373673289787378
1.1207643242823226
1.1735257524320428
1.5271014410673691
1.3656466785478665
1.7392403624341104
1.6901851849408682
1.7706006597324533
1.7896817653221284
1.8882805816850967
2.1081654543094626
1.9373848385999435
2.5234114464929402
2.39661377518973
2.3567057211920646
2.252941532660463
2.6201219006624403
2.3662024436218956
2.5346889173844063
2.640722292508054
2.675495489975891
2.445277590162416
2.639184024845152
2.5816137179966696
2.5171830671731565
2.630083986139612
2.592830550576767
2.5620217813062465
2.5161124759624904
2.4748152983245237
2.343807597334224
2.51068474271202
2.2462304923305476
2.1425351016499077
2.1878071028025
2.053122116306835
2.02378190596253
1.9216190566857037
2.052739634241892
1.6294378252406447
1.8185023021612394
1.6307728848286012
1.409353938651119
1.4240532336818044
1.268177687223575
1.0718864494733267
1.0211916184375789
0.8563868631063073
0.9540405391789577
0.755329223529789
0.5124940647489492
0.47418038529365825
0.3400462311476384
0.3645299874645305
0.11080188664303016
0.060103675680748155
0.0665432783776472
0.01332859376265283
-0.1815787052603149
-0.3915652877872171
-0.4171953709154932
-0.5379947390936888
-0.7577703983708763
-0.8274844776888475
-0.6795094335319325
-0.8976648540831164
-1.064033392066793
-1.0265573437423419
-1.1639789474435707
-1.2555779323139131
-1.267380432370134
-1.4505366849806378
-1.343894544617406
-1.5470054319918631
-1.5534481269928209
-1.5908146594630612
-1.7144870290190215
-1.6798079337991267
-1.6917278049799096
-1.9345201449798104
-1.8828579702982746
-1.8714744942699288
-1.8940990077873172
-1.8557022831551202
-2.0629096156810522
-1.7196435669594716
-1.9891673848600717
-1.877342754934937
-1.8645861721842487
-1.6190166200655676
-1.7778013645866295
-1.7861565070715169
-1.8738571456349156
-1.8155663445488575
-1.7804560671982064
-1.7495656509083781
-1.7338680832185667
-1.625683244300724
-1.5111105755866736
-1.4770732610135269
-1.5286640310087871
-1.428822110385089
-1.2086481256264194
-1.3770708735665855
-1.1291424879153966
-1.1353731175575617
-0.9895726791600779
-0.8993515293971507
-0.8628263704167122
-0.7869416502309705
-0.785998963373621
-0.5235363231183119
-0.5612607972121162
-0.5395789033849996
-0.4275521008014708
-0.14177171327382254
-0.22567380286769323
-0.10991846894230708
-0.015739391813028344
0.10308562810741997
0.035077465644210035
0.17889734991938228
0.4152437806804601
0.4489440781009516
0.3874655435833076
0.5356772590365108
0.592532597916958
0.7094971507919176
0.734381750863714
0.7787671078438578
0.8116693338527561
0.7905268853921271
0.9330332922495265
0.8635390932991447
0.9495379470931099
0.9996109951099666
1.04858940237542
1.258330137945509
1.3934097574275055
1.2255854382612266
1.1406553757105293
1.1938584990317311
1.296269819500782
1.2481509945596676
1.605861753457387
1.2786555028480602
1.2687680221163322
1.2843277800860688
1.3508953255598257
1.3819191948960565
1.3003817891756837
1.486312657736573
1.2872409422072393
1.3710907231702596
1.2528085908838693
1.280107527083028
1.003285618219882
1.2115981546316008
1.2381172591038343
1.0863678377952861
1.2799423751996188
1.267295605146667
1.047890596608114
1.0433196290583697
0.9345756472539748
0.9036023206473625
0.9539948616961383
0.9431355662568603
0.7991642836691338
0.8476868117331756
0.6327290252688526
0.48688901682108954
0.6857072279388955
0.6111504282199073
0.4740596160862552
0.5933970205764554
0.3341640384428646
0.22520527935048015
0.2358868802026001
0.11042898850806701
0.25378509103202535
0.19752379431553807
0.08658033412029366
-0.0008577131231863044
-0.03736696444247212
-0.23228908543328675
-0.24871877836426617
-0.2891644326620857
-0.48777094782372027
-0.3269712976047341
-0.46681401457912486
-0.7344714941126
-0.5547589947551326
-0.7762924808713676
-0.4928382967805234
-0.6916430190840329
-0.7499387918515714
-0.7426439389921761
-0.6884617837614587
-0.8680577442368729
-0.9783854594777277
-1.0180461639923504
-0.9301080322749037
-0.9845799131481082
-0.7925812036906041
-0.9862109224372902
-0.8855285091851801
-1.012120580764863
-1.0356651216214876
-0.9836493537483271
-1.0977319685660667
-0.9816704832773281
-1.1339933017373494
-1.2674777949061915
-0.6895833249685801
-1.1361653702787893
-0.8741944857831764
-1.0644771645690885
-1.1600476619254019
-1.059150413950392
-0.7693568949644483
-0.837904753639526
-0.8692612736495549
-0.7321747168118735
-0.7708969250683123
-0.7936294246839485
-0.9254547928045758
-0.8421565826657227
-0.6724370968833323
-0.7964839893850554
-0.6193525489105582
-0.41156258810933766
-0.2545334372173942
-0.5120001641995579
-0.5855793737887165
-0.2555941540788429
-0.35692448699090074
-0.38038004031444606
-0.1531631464702054
-0.29813270910441175
-0.18420624701256513
-0.11981992070901894
-0.08954277067866007
-0.00641618022192135
-0.044620140034489796
0.09594238275982683
0.03700319027143107
-0.012077383736440156
0.2102771613441365
0.3442736455184967
0.19977197800060817
0.271957584815401
0.3609861470554385
0.43269624678524
0.4512536264822307
0.3816608263094401
0.5013323238428363
0.40344407485447664
0.581411283770841
0.5742079241460386
0.7410643522164703
0.5667784626767796
0.712192074900259
0.6087162623912954
0.668639717353531
0.6405478363279999
0.6290493133765164
0.6626203518754293
0.6900008250823162
0.8498925776755215
0.5876829759163182
0.7705531222748979
0.763537777057775
0.7206620589427005
0.6261200610724251
0.553940447466079
0.5908120108204372
0.6829818332390746
0.5767675131296877
0.8834674013593055
0.7912833864251588
0.8433568412238781
0.8720149412491287
0.5985141729966545
0.6828327262106622
0.6148859056060557
0.50890438788082
0.390090455110799
0.6558642904510419
0.6671006860888823
0.621951670541401
0.3632777831938844
0.6434685664686499
0.3916201564086631
0.4452331011257403
0.4354723913355992
0.2966532923577977
0.43522841189916633
0.018301882197130637
0.05660007651094057
0.30225165997605996
0.2847384534934348
0.20649854251157626
0.0319625375529953
-0.10936163012936734
0.18764126886788912
0.0322043266356552
-0.08142539705342315
0.06098249718356702
0.2990931167832988
-0.03869442458927533
-0.09977601526069418
-0.12131837258027492
-0.08730295101360312
-0.3301653574983159
-0.2945381001720402
-0.25160870155277687
-0.3387821585998058
-0.3859468773251668
-0.21987356868721636
-0.26880695194201876
-0.34596593146082244
-0.4922127980763448
-0.49421968930814597
-0.4031750746595417
-0.3829471909272729
-0.6207442125591126
-0.3637595891941112
-0.2987627097325849
-0.44940052784699464
-0.46892472742951635
-0.3794119056547459
-0.8910953966540089
-0.4357441253668659
-0.5435862690045635
-0.6214191646306897
-0.5328274623429204
-0.5190603646266293
-0.721464049430055
-0.6612278119119767
-0.4747640468822429
-0.7247839531317434
-0.5391525386141185
-0.6230691745866573
-0.6471214871485429
-0.48527471189572724
-0.4656522479502834
-0.4231955520200441
-0.39569795040166766
-0.46989830589018533
-0.5338387650358905
-0.5257065741421898
-0.45112999933466646
-0.19916885175329346
-0.26497761525690594
-0.15201089452853211
-0.36191318354588786
-0.4726774500275801
-0.3854291321453507
-0.3049154775055798
-0.38115572351424065
-0.19847162472740465
-0.20089096944965482
-0.139920132284359
-0.07777006535568218
-0.24964164193450825
0.022134556030052446
-0.06271994202362531
0.052195571369383
-0.16114411347651253
0.047951811608237985
0.16466235401899953
0.1954803002359087
-0.008846173002684865
0.1263426477646878
0.20871590639153736
-0.0419103544015231
0.19349613501601637
0.07265140942639109
0.22007403041976317
0.38131197401296935
0.23878460699809492
0.24189688028224218
0.3667968010772422
0.48106908968645534
0.503070721322334
0.47297533059125074
0.224126181502389
0.3209667151987766
0.16605606334690484
0.3600168870037253
0.26863914692409063
0.5086433626296322
0.32544386896251315
0.43340267536210175
0.26287711774725026
0.47360273339122144
0.3063086670453154
0.3628279399192722
0.47858232960168473
0.48920286812660113
0.30507356789219775
0.348895297053054
0.35985787077048786
0.3318124844095059
0.24718726709664876
0.3519943912754033
0.3235246292302426
0.2744180445780819
0.4215430681875011
0.3015425486817881
0.3020095427186785
0.5421186172261289
0.2295642797793655
0.18762301345424426
0.2701505269558197
0.26677463216736363
0.33668231580032737
0.20403781195961118
0.21562236139590235
0.0630558815012486
0.3359232126616861
0.1781496325821059
0.29540174010247944
0.13921821962607836
0.3127141722339029
0.03183872104163313
0.1627015549312547
0.030939219003272532
0.08384439511072432
-0.05557569790862753
0.06288079153136521
0.026344945046086837
0.10062891885379373
0.12578719939058375
-0.23884200136858202
-0.211860614875863
-0.10136783214466985
0.029996523114221046
-0.25189565864402863
0.021489761667732893
-0.3299502719422583
-0.09928558216251704
-0.24863735400569084
0.009546196677272717
-0.1488176415167216
-0.21914850062275498
-0.21480690122127538
-0.2987548478225822
-0.30467084777817094
-0.5005387230912556
-0.26550872734412906
-0.2859087493672181
-0.2417273644413364
-0.17029799823812905
-0.33961253843788247
-0.5057482812207275
-0.27933268137811196
-0.09484484990423131
-0.23681525722412264
-0.13781868437964742
-0.4655560329444058
-0.22966601255488708
-0.38679319355483854
-0.46880193827517
-0.17643122932622696
-0.3734824902184342
-0.39774920297793126
-0.32762150538958223
-0.24617377466043056
-0.3779992152535334
-0.38668491309841124
-0.16356660444568633
-0.35783437350279235
-0.31895660309962265
-0.2065703825168257
-0.30433917938422184
-0.17842047969469893
-0.3026312943712604
-0.235878341581404
-0.20509661106851962
-0.18595579906259746
-0.21033478149969984
-0.15078059694217136
-0.1787530561629655
-0.3340940954803868
-0.1819499807678741
-0.1970622407016271
-0.07288277332438672
-0.06440242180776881
-0.17662711020802208
-0.008957088838719506
0.06236034346928361
-0.05516580400713007
-0.16303001492612826
0.0059286566245784315
-0.03474044473049312
-0.09736337042907507
0.17923779340824347
-0.026052252682870515
-0.00497633226847196
0.043274489225481716
0.2193221423276529
-0.03282856145275115
0.04646391088972862
-0.04201457986411379
0.010638369165368367
0.23067672524243082
0.225595241943157
0.3027727128128548
0.08006240472138491
0.29408351066226723
0.12640574980843033
0.229288246054738
0.1882746314006697
0.2712914438116518
0.1214325229742403
0.19812901720553316
0.20848167905653853
0.29664535375359113
0.22181921970760698
0.23266974630037046
0.1302507028811969
0.19155636688298586
0.26044660656614105
0.24013588133044908
0.21819954557947874
0.21868509675498038
0.1735197179188313
0.24104773710965488
0.11815354651096086
0.1966518966774363
0.2011889753383459
0.15486071699911566
0.09535855409799772
0.21330621522847998
0.1413129606768734
0.19224075892047066
0.22983514162173635
0.20870893458848974
0.23668795233601547
0.3601236437107599
0.09287241325723647
0.15203338977225808
0.10288703842922611
-0.014639973366324527
0.15554371014497115
0.010056241737952637
0.14432547266429752
0.1261723753944065
0.08163638162530265
-0.027296781944864096
-0.08581966117702619
-0.008382892463091145
0.17341954644446722
-0.1335918350671923
0.06776629831422384
-0.05489508525943384
-0.039680928406327115
-0.13573769213535541
0.01362980903867641
-0.0970848288597598
-0.08038666500502802
0.05461419555989067
-0.008611254964993417
0.17496598484518777
-0.06724152278537483
-0.24615667217540305
-0.06774362178763105
-0.12640159882664298
-0.1621179273938892
-0.059907850938226155
-0.1437875916770118
-0.060132391986556406
0.01538153369185781
-0.10328234406755105
-0.06129157298169291
-0.22648600094787819
-0.05674509206092043
-0.1300594346366298
-0.14474239571332875
-0.09727682116582409
-0.12333281053043471
-0.4015593966176614
-0.22982263745639334
-0.23857901382710428
-0.10377376835098454
-0.16762351250540938
-0.20250956329716102
-0.19600182328744803
-0.0883095512362691
-0.21203031089626279
-0.19175223795933186
-0.2824771071288643
-0.11991923648945584
-0.2568764512050815
-0.1759025408394258
-0.08503619052380451
-0.30512128512347103
-0.19282944357728538
-0.09953724999482938
-0.11782002745642402
-0.12244583909273196
-0.08681409987033253
-0.22965095736708677
-0.016306435225863128
-0.13142276026792765
-0.24857598492454663
-0.10220753219367174
0.016617358184265185
0.07650249143759852
-0.07713185833992492
-0.18439721915730464
0.1869902509680813
-0.13229577194455538
0.06312069428558116
-0.03088780174167893
0.04735145752977174
-0.11334211269477118
0.0493259533714748
0.04180644864703137
0.29002880118272517
0.17297461785670085
0.07317141410419145
-0.024956383179793137
0.06819728322972997
0.07098940926692747
0.08218200818363125
0.11434052500940611
-0.012789353535078873
-0.06348398821691399
0.12343573470459547
0.1250917865409139
0.12209959199235174
0.020256332570857925
0.16381674990172948
0.27627563204858724
0.24537580439110568
-0.09356158504793341
-0.09010315912686971
0.1605132440391929
0.14680789026647337
0.02084021218538934
0.18792813770320427
0.05434369847583641
0.07619479457951102
0.1647485051980058
0.3265066859307623
0.20720120669700637
0.08145614798905251
0.13627360771379324
0.07416615305529381
0.09279695278465114
0.15035345769471795
0.07190455713570285
0.27452184849813005
0.09911480610481586
0.0385264479129719
0.12709296773983345
0.2905003432428602
0.05858263731927826
0.012742006023522615
0.19350336413538244
-0.07020940692154107
0.06316494480555888
-0.03718090406224253
0.23260099203688284
0.002640564443635876
0.16539842525333376
-0.016812609991114252
0.17165143905426988
0.18177777990455185
0.25108812206619635
0.14432689823896028
0.15072517895504778
-0.20938292555099525
0.05994279459448504
0.20822787422217998
0.10445129721262504
-0.14660368269470608
-0.173620096117336
-0.17991422085457714
-0.029355154955749394
0.1428875062806605
0.012202355468312541
0.07617764416774278
0.10108839680797185
0.019924809586340127
0.04569505354371855
-0.07729248571587409
-0.013668822352686818
0.053063479643930364
0.03780481349437428
-0.13354242803864896
0.03123868234368915
0.12310495183343709
-0.13880311216726626
-0.17864295125916702
-0.04571792671778285
-0.012130569566649166
-0.08744039971272013
-0.08196632812176081
-0.004360662278873106
-0.1689688539839161
-0.022482513233564046
-0.19605667885413314
-0.0750993548874724
-0.0066772447879671765
-0.005350621381732978
-0.1217183816660323
0.08658675861807469
0.10154001493080964
0.011043014824211592
-0.20864803672240748
0.0062553957136522315
-0.11639028915044922
-0.13430536628470402
0.019149543659465904
-0.10185047455570187
-0.013419038600631553
-0.14720116009569748
-0.17341823132086248
-0.19651036744021233
0.0032645306137017993
-0.07462952247693318
-0.007649484683950547
-0.06283367426498296
-0.08769857397504552
0.028592911821391384
-0.21141469167716753
-0.1357040375187425
0.09280378331699068
0.07095756705677173
0.012663515933732168
-0.04220206099823575
-0.04744126494333079
-0.2733767154938836
0.04630392736151976
-0.14856527973651873
-0.10882358841651843
0.05359454143022421
-0.2148545120753863
-0.10882452510219727
-0.08677274172984527
0.020470223276720025
0.026980039062679748
-0.06055236905214342
-0.0011091479313478706
-0.16783810230799953
0.045428899479194394
0.09845078132146741
0.046091319991006616
0.16089225010208735
-0.1768773576207904
-0.0664601536917332
0.008363049106839222
0.07658825110226229
0.038729869500188474
0.11828357466077315
-0.03568242947575292
0.05037355860615876
0.005439998611871659
0.10093547633293401
0.05451686473496249
0.04359676671266368
0.17256701871480712
0.03245424097850476
0.10468073338502279
-0.04986922914338954
0.031892356463633094
0.11893283524123585
0.06138318975191204
0.08262826372552903
-0.036059706881435165
0.0026181603431355213
0.00878504417566505
0.13900788377326476
0.09759047291311995
0.161753910111874
0.06066201929443388
0.23199078174648832
-0.08465180506270648
0.034071807192413414
0.09665647322694082
0.09462893832643685
-0.026599324116765743
0.21106133801994012
-0.05224865069824758
0.12298919208912756
0.07231803771799447
0.15785354835692453
-0.024265215750496658
-0.05202336511991023
0.20926587351838688
0.2691858232417564
0.3771336676076751
0.6296380901380532
0.2742804765476946
0.9384277163724384
0.8065477658445926
0.08860522549473757
0.39021622153062296
-0.3928002876072243
0.007955763469664506
0.4225529233910557
0.6102195433983604
0.12496529821386242
0.4195305633428525
0.021361076367155785
0.11752461728823801
-0.6591676349864168
-0.3790372458524575
-0.16946541064820927
-0.7126093621258341
-0.4576514310392593
-0.5368051481117213
0.2615037534567611
-0.25413618480661176
0.8740109003891308
0.4642366225777256
-0.3911193659765503
0.059452565224243026
0.456859664122477
-0.4985318833200255
0.8173256453180607
0.36973216331656333
-0.18124207205493587
0.8003519593671307
0.00219218623534545
1.3068944910757596
-0.028377294290745758
0.42562197521257733
0.5216000046521155
0.6672855960124215
0.6044137806281638
1.1497972576159006
0.4827610331378429
0.4179556387117885
0.5768461706539016
-0.35932113666424514
1.132126385764117
1.366645368427088
1.6580268915336602
0.6645246948450559
0.2835003679438614
0.9599885572822787
0.2880907929820625
0.4825235380230545
0.6652541295207259
0.3168923031413091
1.4284593545892523
1.231369021060202
-0.01566769435047277
1.0626434670604468
0.2867908145495754
0.5736718522175286
0.9714660829026213
0.46725660378882355
0.6392925654686619
1.3138012344919026
0.3095356073765121
-0.08405003330022587
0.7900318106033888
0.6605953749020077
0.963084579387479
0.9129956998825439
0.6698574014319889
1.2650996253084992
0.6962966166488462
0.7593470257470544
0.8253414095165509
0.41751995923079466
-0.24034478351872357
0.8257412026863971
0.2973100919199576
0.22753964171111302
0.24804194114558575
0.039831085656427845
0.010678088789643325
0.4303867961027749
-0.08266714954965365
0.37481110515040816
0.42627232364516543
0.407863680432101
0.5844630813269993
0.7177743614159633
1.2443811687610238
0.452563096214314
0.3630050968109691
-0.20102704766514892
-0.0817704295373772
-0.05406376348028365
-0.09588092111758224
0.06112955760788387
0.43728168301512976
0.3926751118272842
-0.1561057147853075
0.4234728641339287
0.35133683927146553
-0.6603019814640425
-0.39685136657735853
0.1010077865690982
0.17460045755834425
-0.3538645323533443
-0.46007552099243637
-0.16586726149118242
-0.26843922439549095
-0.4075354659953578
-0.20425751492606314
-0.43120809558838236
-1.1722411313531218
-1.1446419645903505
-0.6183511696284081
-1.146415151140963
-0.7790257897403318
-1.250893022337097
-0.8815364675111103
-1.2724389465650419
-1.3415262270815125
-1.1317629210720264
-1.2088136940654015
-1.2310826118636968
-1.0278939106153975
-0.8543131467928604
-1.1589076831030645
-1.3184544093726493
-0.8655859694713263
-1.3598722344068193
-1.2122518866595864
-1.2710606388059733
-2.2349286740501357
-1.2953941687559456
-1.8202349046824076
-1.788465965750037
-1.9519748631083789
-1.5157696130264564
-2.4604230461777155
-1.4005356555020194
-1.941761954221515
-1.9968103726302038
-2.3913932313687885
-1.7537548632859876
-2.0441465047425553
-2.540290479033567
-2.1128122474957296
-2.5208777871959835
-1.2338934142260423
-1.970259755949181
-0.9844353397326269
-2.329709388448336
-2.1423165310045396
-2.152534885286939
-2.1098083813533695
-1.5826000610946096
-1.6362728508565327
-1.482515257091276
-1.8769162962256214
-1.876566420304422
-1.1110036380988522
-1.1660224189583195
-1.5675238054834306
-1.3435741511114672
-2.0829260525726068
-1.4502800771993305
-2.0043884228990745
-1.7331960142350242
-1.8347290820322812
-1.6610027141726658
-1.4488181841464236
-2.1461765668918344
-1.5740460625502293
-1.8168653610953016
-1.0928031490268946
-0.4080002745196474
-0.8848991588859443
-1.2825669907884594
-0.8481228119514554
-1.1024356787309042
-1.2850664886944239
-1.3589039916547532
-0.24633591797786508
-1.3991271147934128
-0.552722886685948
-0.34125463326998806
-0.780870647431937
-0.18787193377503292
-0.3703285056190068
-0.24324378447628356
0.20677639378718615
-0.3892899045904733
0.07341725899248716
0.5037618453444976
0.9920207084775928
0.12338704643515608
0.31695337341338375
0.3333532941928097
0.36985921379627407
0.6410244376238805
0.2528845890281901
0.3468857098052511
1.122972796844075
1.0191857057386233
1.0558398134181695
1.0072990152926278
1.809092268254032
0.9016821222793677
1.6358822840501772
1.3278611751223408
1.5107663860917229
1.2220396678774268
1.4445358919518192
1.6522890683317892
1.468441780867598
1.5512641508334988
0.8525240307741138
1.9279603092284268
1.9570840630041284
1.6804104989915523
1.7625158855056138
1.8792160017496589
2.3309427433978893
2.007021254561658
2.3372546154861538
2.0022597102107453
2.65566175961126
2.25754780888069
2.2213224983363387
3.068946593241596
3.718972242764865
2.7732101789769303
1.9740408330855264
2.4224861664453705
2.6871112319174015
3.681539318229107
3.286388940699389
2.95286688367685
3.0809906638707787
2.843918043734718
2.907786600639183
1.8499396231691851
3.0685611166111406
2.2249850250047585
2.3437958123967633
3.2370663844783754
2.849994217356235
2.748315266829889
1.9960232096316468
3.8514589091921785
2.6566225942270414
2.6648695326829244
2.7127692463163005
2.771709162478297
2.723852655866208
2.670990719240389
3.3488769597367045
2.6298155609361045
2.176281386861354
1.528113168216981
1.8178977555092597
2.8623982745043053
2.9485830796160437
2.989826572071375
2.259271964562623
1.9036269908221668
2.1808500716340653
1.5666509439169463
1.8317617407683273
2.818223948848537
2.439606839518982
2.263032283901754
1.7193203187989259
0.8159109662283311
1.715195265819597
1.6782532820299685
1.7961901103548208
1.1010454993910934
0.494926113278946
1.7070122826493925
0.798180932859614
1.6064108787544238
1.3387818313003428
1.3474353659831926
0.6057846876186539
0.007557545435056157
0.5857834835783198
0.48886979769219685
0.2681179473948986
0.983985905676578
-0.5102577282020612
0.8196160339085272
-0.28230038068158825
-0.37493767996283145
0.17364080727009223
-0.3314237657759403
-0.45545158954596765
-0.5156386729103595
-0.7370825095853828
-0.6965822881257793
-1.125943045328646
-1.7013760962877957
-0.9639877786855693
-0.7177482120838511
-2.2787920094082645
-1.698949114523106
-1.140680053523817
-1.7947915458561001
-0.8265692893929684
-1.4849639748742054
-2.29613170160993
-1.1378338191817239
-2.368010875993473
-2.043687787512175
-2.2179648844436692
-2.4981304328877427
-2.236993417435447
-2.276219970625098
-2.7934813556707327
-2.4863476742358688
-2.163608376545264
-3.319430035306494
-3.1823755556159123
-3.4493685771314766
-3.2111872316466545
-2.9059134036695755
-2.9080722732683553
-3.4085598669376163
-3.9212148811709806
-3.1287708130476517
-3.9378931939565796
-3.490541903801657
-3.2913620845637785
-3.8754461916883676
-3.4922847607412986
-3.581356526870014
-3.014609057060991
-3.572419611686743
-3.8851911166921567
-3.778684295996662
-3.3557850657135244
-3.5685300263628634
-4.045161044088285
-3.1408946035938006
-3.2848085512986906
-3.194969600157113
-3.2295429221749163
-3.1000845036252995
-3.3122200286918932
-3.5321115598619874
-3.803800006359414
-3.0677873178627486
-3.3662345428976344
-3.274908701993568
-2.7172638523424606
-2.441623095566545
-3.3073538916785066
-2.9805927994250805
-3.499850352060617
-4.025096358890825
-3.1764474118805484
-2.809206057919304
-2.4800160649985394
-2.760244086842952
-2.3391956141511487
-2.5481088889572274
-2.128475106591653
-2.3407692601510655
-2.6521429611565357
-2.4768199698576843
-2.4258579766947106
-2.108619907292573
-2.3890194127900575
-2.08770229380213
-1.624351127882183
-1.7073216880191227
-1.1608576136251616
-1.1274785770506313
-1.689832235806883
-1.6719313496309804
-0.8573912988200153
-1.209490652740161
-0.9793210203944305
-1.1937007119603216
-0.7906767261847945
-0.6737118132534875
-0.9876159741065114
-0.1821732999506877
-1.0417509103742815
-1.0719710816268826
0.3805159457190132
0.8959060277428783
0.7225537017961393
0.7097984473903398
1.1114032274671661
0.9969761169587186
1.032170063483197
0.07044110945042759
0.9044386749287088
1.6644969274847037
0.8663107816373623
1.458657924056219
1.6421908695213054
1.7649830860113993
1.647997227526268
1.7869752546017883
1.6209636012381317
1.6071130030076026
1.3031887411052745
2.7127261973123433
2.47910848733485
2.103942968648415
3.1028542431348267
2.533692858252271
2.592323643662364
3.435810000978313
3.5131505712287425
2.8133678320761843
3.434300578496311
2.561626862150441
2.408248201482614
3.2571397478579565
3.3671744914939863
3.4546897324580144
4.119425060794084
3.4828933870143524
3.4334500849758207
3.384919246666751
4.080212325297206
3.7885184155386593
3.7436088680900745
3.158799145423665
3.419866651816752
3.789007759080733
4.357107137337842
4.668279268727573
4.223862078854107
3.9597887451737033
4.18551489143497
4.438316204692172
4.111297434694174
3.8800827437562684
3.8787589657789465
4.347270704994482
4.179452898354283
4.551972606150477
3.653289739227917
3.512666757280234
3.735540866684857
3.669014356872688
3.6942731816037506
3.5692122758719824
3.462629074664307
3.7224742138323106
3.5369879906978383
3.378233968464171
3.0998518115134766
3.7976274584953833
3.3881545542266935
2.887717026027928
2.3482772261525118
2.6718064449180754
2.489467297838324
2.026517395960563
3.6775227522325302
2.7066496768599975
2.8653467964356616
2.6979926700785954
2.869078746804463
2.5784507951939406
1.6594391543379934
2.1355786566926764
1.7064079291223413
0.7579711515260801
1.2811048255011008
1.8078167122966078
1.411970349469544
0.7761382085558051
1.8025801723234731
1.0359547893196885
0.9602032398994301
0.4548227515860825
0.7452978748802693
0.7200857542936995
0.42532805880444635
0.6565742980818898
0.2648892663191944
0.058818125975923216
0.38066512320514434
-0.07826313797226855
-0.6406834904027353
-0.1793345310928403
-0.7627202336592496
-0.7835187771910911
-0.4365531047221544
-0.9400236672786547
-0.9095902542863419
-1.1541961134750278
-1.327419446692406
-2.1818939183316592
-1.4365890885008843
-1.984505870605207
-1.3267916573136924
-1.9471729818239893
-2.4652019383391695
-2.885616299483602
-1.5698270527683778
-2.039468892854548
-2.6528411408565096
-2.184475325394436
-1.5926819796653713
-2.7200620784686262
-3.2161199041866295
-2.9697195458861976
-3.2488527387001698
-2.915396312452607
-3.1715703636016133
-3.527810283492828
-3.4022562482665486
-3.9921692573305396
-3.882995667130486
-3.4236993256938892
-3.6819198833512834
-3.371127627593913
-3.4007981532670266
-3.576403473798128
-4.052094331636427
-3.996733230021787
-3.520935309199438
-3.4178371818291775
-3.097479833278128
-4.169073812673365
-4.193436093908672
-4.302402240724722
-4.23051543658107
-4.163454520086779
-3.538012008554821
-4.19206088648193
-4.202343989028983
-4.342470224825397
-4.500357512835709
-4.298768926342428
-4.459265366315529
-4.309037951682547
-3.5539702277108107
-3.783788492004368
-3.727263764690539
-3.4019304319586086
-3.0919820419791906
-3.3157909605532723
-3.2024071201813356
-3.815123572714775
-3.990686154501993
-3.100567720678219
-3.4084166100106166
-3.4204421046308515
-3.3012544809885758
-3.1305517352877588
-3.673212441762542
-2.8675179074211496
-2.8715559748107506
-2.4549752050348372
-3.4595332994203196
-3.0903930453914117
-3.5429748194321853
-2.6709367395733574
-2.3077029799545974
-2.4499441337351016
-2.410807141874677
-1.51669994874621
-1.5685826500217859
-2.2554406765487176
-1.5458439489740554
-0.7674867534182697
-1.637131154241691
-1.5433705099116168
-2.0030008685457994
-1.8522492154164825
-0.8503370584213261
0.02750152743349754
-0.7417974704451589
-0.6039052642309066
-1.3918503558870698
-0.027300080525213044
-0.09751880219836315
-0.11872414240287602
-0.1490249622132057
0.2597783306663797
0.6452448652580534
-0.29082396849103176
0.9439325590823353
0.2772254365046577
1.2498442490640154
1.2555314585852195
0.3529846039339468
1.5844536839897176
1.8193482868962385
1.3633237526047208
1.518281529442859
1.4159172092649435
1.2344970883490507
2.477932322746556
1.9372274672842473
2.1334616421135237
2.1141028686139838
2.030827693659637
1.6196246735073756
2.3381878614814715
1.7866755931963962
2.413670620892237
2.7490375252983004
2.763350964912063
2.469193568022117
2.119143544100095
2.783051133201292
2.9435363113584283
3.062856552025255
2.6767707296203564
2.8865029672950278
3.2897819010731766
3.7865340789818003
3.41375069280139
3.440310878771409
3.654592628540845
3.684186645303215
3.8549058340277877
3.8650047953308624
3.197616584225933
4.062833341653413
3.5643465938152246
3.311530335822523
2.7288228761184143
3.410800817357123
3.3848914003447406
3.7596024033235635
2.892755029917452
3.774636348413106
3.9093648116960598
3.410721538751123
3.143354782351945
3.5179965346343716
3.3060894987816987
2.9351478907830195
3.5635384103629093
3.0684376720116493
3.2933503120151957
3.6005318471578502
3.059354946311119
2.2449852531706487
2.9154156493353365
3.4041867131354286
3.5235035635452965
2.6452205086086003
2.6441842317318365
3.163578747086106
2.7542176118582202
2.8783058117295193
2.9382100798230493
2.2018343388513673
3.2447092597013185
2.840090934683384
2.1720227262528327
2.4779393949810373
2.4331983510630044
2.7310506760002817
2.02793936897394
1.69213908787439
2.2234057207924462
1.4457149328276482
1.5861729885281737
1.7719478640705744
1.2282811591570146
1.4955769826157899
2.497367678477732
1.0705952595483994
0.8745636779302053
1.4437752119744407
1.0030071511768366
0.22381892202914788
0.1747902695628361
0.30157034020870316
1.0146405620419938
0.18564631934024467
0.16529628602157398
0.11570558481927859
-0.08188699101810423
0.44887447786853996
-0.41367945034241865
-0.1634699133392954
-0.9804176745700919
-0.28365411994910494
-0.495708771438119
-0.010952941581805709
-0.6296668540265811
-0.913221862779299
-0.4930098661113307
-1.6804103882666979
-1.892847030785891
-1.3597293735035
-1.7146059796054076
-1.9277886467358625
-2.0867572598838056
-0.9178212410491047
-1.7382012705993644
-1.5346374255439963
-2.5974705693669686
-2.1077316781678888
-1.7702550283998133
-2.4348666170339612
-2.0685262613009425
-2.565197927749297
-1.9460825688741918
-1.6623082980844455
-2.309743664075743
-1.9938904546332297
-2.5332817355257466
-1.9500483303052385
-2.7050366045765135
-2.933168713456142
-2.6626546073654977
-2.8530542830146133
-2.6129645163204294
-2.7751734061482085
-2.5265298984884295
-2.8963409577322627
-2.626637793232824
-2.0359989198391366
-3.0972193288788716
-2.869283598484196
-2.855235691418469
-3.60141264477986
-2.7671041140249195
-2.430032882737077
-3.0163898099392217
-3.208298287693689
-2.1308777928875435
-3.089149230157677
-3.1726409446363437
-2.843791183686726
-3.6845792088646085
-2.3094797335525965
-2.6472070660966223
-2.300209385053102
-2.5563657820745083
-2.8637480735284564
-2.5231448904864364
-3.0391564511540765
-3.2821645328117377
-2.7012033569874587
-2.695642905158448
-2.185585333595057
-2.129498272504154
-2.1973073616932086
-2.267672959773574
-2.603268198528515
-2.400324810718434
-2.6990192312061816
-2.017151599187943
-1.5674133727977089
-1.087213380933865
-0.7508318618252141
-1.8829379585966355
-2.350909762069883
-1.6921135022148588
-1.2853687412825732
-1.049597891858462
-1.3785017670804411
-1.9462515688019566
-1.6133405309245037
-0.9195363068294407
-0.6355486589463645
-0.9224465984859775
-1.2975939481998513
-0.585643086326407
-0.6735801115912905
-0.7518693241316918
-0.4929038510194195
-1.1116227253268138
-0.2777442634863949
-0.9566430755413807
-0.22643063348136855
-0.7242114388111952
0.8868143148030562
-0.28409094124719575
-0.37930647790045674
0.3631821332159805
-0.4964052281328851
0.27797643930569427
-0.157072276508678
0.2735000495791104
0.8577940943440083
1.3627693881360239
0.4102770583903903
0.6467501935387295
0.6224403073536731
1.1743697440660308
0.8639058444755364
1.0027056898579585
0.8201549212878539
0.6315249706682187
0.9323203943411417
1.0282682967657326
1.5027696848634537
1.3847460430478524
1.462521937369498
1.3704867539294152
1.7717514744836003
1.100695486492778
1.0893838967549887
1.5480634432317237
1.1355776280291048
1.3710261160772843
1.0505671942882873
1.5696993181865215
2.2986759124357814
1.4634061409576364
1.706784630725761
1.5351859840415658
1.0744231327295237
2.464950755971686
1.7742115824230267
2.112815425429738
1.3196951322225108
1.1698146275361279
2.098896642491609
2.054933872619853
2.611741505295911
1.7208404772515842
1.6215070613794504
1.3163309664117204
1.7619541311635412
2.5301462801118952
1.511231625542241
2.2155814011519457
2.0213102577652116
1.6622359564829388
1.9276693331611525
2.035409782700047
1.610065295210859
1.2503134208368225
2.01493593233543
2.1137957879278257
1.2389452396419025
1.6729934135087834
1.3171757808631226
1.412355513342756
1.5832105562514012
1.4710151732326353
1.1307353885934406
1.1226134266774865
1.5997747124407844
1.5931765597913334
1.9228181844202918
1.6463482660590898
1.261397822230525
1.0267240087451652
1.26360729125334
0.8287311776348183
1.6863086617327894
0.8518273782134372
0.5638763084596969
1.3391265679681272
0.9303002808548423
1.154403217752625
1.458928873190867
0.18316415487534232
1.0376660327203309
0.4992963612779957
0.667298598890053
0.04268922514907525
-0.20933724447924262
0.7852489011955422
0.16598115589507095
0.8767857387943156
1.271776590469445
0.509018615871555
0.5933509439238603
-0.03090228858429639
0.1858545900894503
0.7391334824381137
-0.04272565579284236
-1.0011163851625087
0.4707694340774541
-0.14354966325230564
0.1307247130753644
-0.26375871385367833
0.39012051406421433
-0.06466476579708486
-0.23095846058170333
-0.08911732371846143
0.007913136953628996
0.5572016580859845
-0.08500878235348439
-1.4920914913891665
-0.038945401261677226
-1.0374801284155457
-1.0012156969096448
-0.5896235398396836
-0.6703935563145562
-0.5263645211112795
-0.029120951472934586
-0.5620182614467458
-0.5083596086982498
-0.45140790430226624
-1.2668023240552255
-0.326753172838272
-1.191168894442551
-1.4218192339525668
-0.6785323442720086
-0.7285975159377842
-0.3819105789821402
-0.5109948640636615
-0.5033663442171397
-0.05126530853928013
-0.48442465890521114
-0.8201459339667375
-1.5893716946993184
-1.1415100944928454
-0.07529788520460012
-1.1747172069164997
-0.6608624352672241
-0.5975734090361523
-1.1436404781640204
-0.8411461165834735
-1.6332285066908558
-0.5958866110332512
-0.5510127975166245
-0.7876388919841797
-0.22563091936434132
-0.5995392122791428
0.022122900035191573
-0.9112667310050702
-0.6090128233268362
-0.27076227528005614
-0.07560829587628604
-0.6428068364495145
-0.5378735209793752
0.32670084865456217
-0.0372447090510345
-0.3626136862358763
-0.28916443211999565
-0.744350312929033
-0.7774408691484542
-0.5087404601609233
0.0611598965395736
-0.6113870601796235
-0.172552502943428
-0.47487850752114696
-0.4839286476261663
-0.6896268954204322
-0.5888895609731958
0.06703431562827478
-0.5184821069096922
-0.4232027676652694
0.7348185363687793
-0.29044097677358516
-1.1181201515294665
0.11767966059189786
-0.13994316386379327
-0.2930831608635067
0.10492218004917447
-0.32872167930336715
0.07143717699675281
-0.37273172296761625
0.4585937115428122
-0.39828553430729124
-0.7330440290447972
0.12234457830796967
0.29369832777960747
-0.2338500324882767
-0.27243688007355393
-0.7120253401781291
-0.4763891787875757
-0.5644215272531028
-0.09577097913102084
0.42679224514622954
0.0739143065473649
0.034147729834044155
-0.1735172809289913
-0.04115695385030388
0.29704416146411766
-0.36291761979412884
-0.7487823126196504
0.3062983635194908
0.3780776549897955
-0.10331229148832344
0.35103403139982253
-0.03073040086502507
-0.9241668349927026
-0.6907222597511301
-0.302711187181899
0.045848332966911716
0.15818116353142242
-0.6560364893501741
-0.32586931200923497
0.20184495782191497
0.22250008435666732
0.29929285588541066
0.210310875934916
0.07022534970014715
0.33548711603366776
0.13004475543367144
0.4343453111124942
0.2907763117741803
0.2177471219594107
0.4470058909896197
0.16302131808791193
0.41619957572314975
0.24918303492629026
0.21444160921170305
0.12152950708324103
0.11166478675164085
0.22698626642499553
-0.044085035854970506
0.4462957117878449
0.22886604736301497
0.1037031142403933
-0.07958415327258447
0.21414826965463046
-0.1068148062162773
0.0013446670896068921
0.05406035101769364
0.04279563998163996
-0.2259346346908006
-0.06279638115548462
-0.1432013138519856
-0.2223749961363589
-0.11600061703039356
-0.1514739410516848
-0.17214187957157637
-0.19953275789749458
-0.21395505637768092
-0.3097911435193197
-0.09954420682855375
-0.31256786150235244
-0.35694772467272573
-0.2446890283488481
-0.3049669115294474
-0.25276618706529985
-0.2665752122608992
-0.04064151553314918
-0.3630551944506862
-0.06744035634777837
-0.14339604817395774
-0.24828025528585287
-0.11276826687894032
-0.1440540086253299
-0.21249390761055437
-0.1326030289861716
-0.16462323181517577
0.0674732131607711
0.004320442695953451
-0.1023813728701237
-0.004523188218560459
-0.002975357122591782
0.15618307054749977
0.03561883035731177
0.11608694644715475
0.2512280694841105
0.3238047700554886
0.2513576325583534
0.16010521787424384
0.24911670437055008
0.23852947139778394
0.12423079346749832
0.15498502512957485
0.3981792148760855
0.26978684907597256
0.18755219642998605
0.3033937376496484
0.23846361158847876
0.21340955418774712
0.2621652244156539
0.13357150961396108
0.2888017929499518
0.1283545783263427
0.15872808153177514
0.15243255234992026
0.054211616533518414
0.10886947901528332
0.11162171370171718
-0.12162233518353133
-0.06533831779788285
-0.0540499211070474
-0.0812671235009943
-0.05173396339899315
-0.2718439135457248
0.05471509726751636
-0.23508493862815313
-0.14687196620229775
-0.16083223173628233
0.05514017817513667
-0.13590416934690452
-0.17897215589671095
-0.3036396484980998
-0.2843816595618059
-0.29019427762954886
-0.301953941166901
-0.330484311127148
-0.26796990532214854
-0.2003889551795604
-0.21455757396720407
-0.31547535138110905
-0.2660019024768719
-0.0971711951803776
-0.31785756896836925
-0.12306999347275491
-0.1832856947976896
-0.09229072735685914
-0.05767935304821542
-0.07755855895261625
-0.05886799366353857
-0.11590784667842674
0.08778343830717268
-0.009501895548450162
-0.04816973893543175
0.0027219453117995063
0.22658971120338683
0.08001120850538243
0.1323472585630903
0.16239359082775937
0.2164114733292477
0.08297155242913888
0.16079643790768167
0.33065837529435477
0.2974713916802564
0.16880288434758353
0.2496356733398306
0.2390505868184219
0.2886542794667823
0.24641196884541172
0.2240715995152882
0.19082872197494732
0.10431261572903146
0.18241803445950638
0.04970600213831572
0.07388863851738067
0.06377210395896424
0.05441760184496808
0.20791551586442342
0.2890774602951951
0.06989551091030405
-0.06359925784064013
-0.055938951595472526
0.004174579630824262
-0.08278160513571986
0.23975799768971753
-0.11875890880115945
-0.15591551933055894
-0.16341732636037376
-0.11555435286962457
-0.09874675834434016
-0.18990035003191275
-0.008894548472155928
-0.20813104029057292
-0.11963936469140751
-0.22845010235152885
-0.18685157147922626
-0.4445715041966944
-0.2124051440703987
-0.15735561846873106
-0.2759977917883911
-0.044863078744743295
-0.015644188447051732
-0.18904826503638253
-0.14367505644925263
-0.19874432946210793
-0.17254451544082017
-0.06173044369735296
-0.00918621183822596
-0.08705299935654034
0.029981155732179396
-0.11436259010185613
-0.18779974152487952
0.08488973232230207
0.08534748594681621
0.024086832709865405
0.2197418879085969
0.03698763555856586
0.004346073412664395
0.09086657936072245
0.0404603817906475
0.2577817935296851
0.2741118001929611
0.2341112652481237
0.21570821127272657
0.2460827174921215
0.11566734723432717
0.16116028380807781
0.17986563748999287
0.037471407264366235
0.2513985238238862
0.16147379179201773
-0.059578169104708534
0.16334613956186908
-0.01842886269643612
0.3012922004437211
0.13524534995417006
0.10620129371281956
0.139264037297121
0.2157711431692027
0.05511558048469286
-0.039581576989294334
-0.06683180925864454
0.03040012752933016
-0.017778990197343643
0.17763775196564976
-0.015313235410587727
0.08345155410965545
-0.047505649181923994
-0.07770969761458324
-0.034491995767537184
-0.15935430036245996
-0.055897597994944634
-0.2224956264628749
-0.3717743412810088
0.1889537610747792
-0.27602568247087833
-0.03354895393964344
-0.24429608991217788
-0.3611835540272318
-0.28234737202980453
-0.01526056869567774
-0.10707274309280541
-0.16217382603214647
-0.049245577231876225
-0.11248419959344147
-0.16004631648890558
-0.31698007615448276
-0.2590446848161365
-0.11492766462288996
-0.26481082482518403
-0.11375180814666598
0.06771985356290051
0.19816866442583536
-0.0861620632939699
-0.18691495485313447
0.11555758180432239
-0.013655918366260563
-0.06539761255948325
0.13309783524157642
-0.04105949485829319
0.043184314607286445
0.07736809550647224
0.0769024130063314
0.12873110111430974
0.05866592611731115
0.16680306440668052
0.0748816039636791
-0.007722037290453246
0.18059407198318364
0.2800719631581937
0.10061685196113573
0.13746975697754138
0.19085230248857368
0.22667930125935032
0.20920282315245073
0.10352151519776598
0.18715530041039868
0.053394357927104424
0.19577621830513753
0.15340450074527134
0.285645642855521
0.07743908069271636
0.1897725768588642
0.05420641985006126
0.08318059770000708
0.02543264366358556
-0.014277047281256103
-0.007322307359341196
-0.00481634724351677
0.13208523565201907
-0.15109328745456435
0.012959171097295837
-0.010600789144020323
-0.06763552948646705
-0.1738488646219659
-0.2551214990540822
-0.22468641596802974
-0.136231567460129
-0.24338839427458234
0.06517777563809214
-0.022310003993519623
0.03729525650845947
0.07631053641547964
-0.1840338206873331
-0.08380171581008578
-0.1331357510741762
-0.21787870890752564
-0.312916924973875
-0.020933472294642236
0.018829188800898317
0.004392596259661097
-0.22152557149963076
0.093309965772301
-0.12216925731455563
-0.030636488263536737
-0.0011085083248579472
-0.0994585209365655
0.08057224578127103
-0.2941099109329578
-0.2129790582137111
0.07589183046383394
0.10178314720710199
0.06693315489220829
-0.06442437984402191
-0.1629740544330119
0.1762124360069013
0.062188093532963035
-0.01097211639691445
0.1707991894026304
0.44701417492607
0.14592998199344454
0.1200205180032891
0.132001315956791
0.19778619953090854
-0.015151676854361557
0.048477758207066055
0.11742359290136907
0.05423156273745778
0.028978084958893563
0.21487121203264126
0.1836586610982891
0.12212725751060746
-0.010566753413564361
-0.0010647546470306385
0.09948707515795471
0.12727355808249347
-0.10485049925196216
0.15599344266352894
0.22311601960335664
0.07295731739842687
0.05235864828825636
0.13934128304171653
-0.37622647313125446
0.073990760598869
-0.04012931935366015
-0.12527768998347566
-0.04493320867023709
-0.04024086864901921
-0.2524451909632244
-0.20263727887806432
-0.0271356484748808
-0.28856270907263537
-0.11470046570736248
-0.2106716859244761
-0.24699431439952005
-0.09757125715530658
-0.09047126868450636
-0.06058908070824089
-0.045679349592657015
-0.13245035952963768
-0.2089217080895504
-0.21326596471022208
-0.15110434059602995
0.08850312484420861
0.010394858670674412
0.11110280652159266
-0.11103676435433443
-0.2340412139886011
-0.15906483464172788
-0.09088745018220207
-0.179563817812871
-0.009453346891189493
-0.024622786494964702
0.023382062026173763
0.07231119520922975
-0.1130741029198805
0.14485976731221262
0.045801330301536734
0.14612185532826438
-0.08222902896727888
0.11141925833036789
0.21223103065943644
0.22669044705319286
0.005543584953591793
0.1234549716124478
0.18810578168909572
-0.08066847478973721
0.13619150811552502
-0.003563585598641089
0.1246270223930118
0.2663609579413444
0.10411444848930197
0.08735620835921462
0.19230452009690335
0.2866204214503698
0.2887427030585342
0.23893169988909588
-0.02937841461203502
0.04835018728261341
-0.12522627971205538
0.05061380333766777
-0.05823962448021319
0.16503407657984548
-0.03405139050208527
0.0589636993105754
-0.12546815294575533
0.07248031818047335
-0.10637431745694367
-0.060116753799079214
0.04675113146230726
0.04993002034287051
-0.14013382134405294
-0.1006853106584435
-0.09248903219139706
-0.12165730888764681
-0.20573507559609183
-0.09869311544762492
-0.12323376462308927
-0.16672039487580204
-0.01229842256389782
-0.12334925311887301
-0.11231439571252724
0.1399360232322244
-0.1589580378111829
-0.1857841438535848
-0.08675969483153578
-0.07233853207017273
0.01657672207643736
-0.09594660729500931
-0.06323077140568172
-0.19376515645607176
0.10192078124036427
-0.032366112346611235
0.10891908452415999
-0.02280895315536216
0.1754394619978991
-0.08051243038912909
0.07531963772983385
-0.03155182479121661
0.04604411536399943
-0.06900390756886297
0.07339137888321487
0.060251282199218485
0.15728373991142247
0.20444527024588927
-0.13901699884059235
-0.09178863145555986
0.037955496158465864
0.18750824359422724
-0.077317103811812
0.2119639621370138
-0.12479209050313383
0.11931369258750277
-0.017861828250463674
0.2512203784213194
0.10247390384481364
0.040484249613302256
0.05190456070042042
-0.026205339868188814
-0.027494406308214182
-0.2199096796587062
0.017442041724361874
-0.001717604780220039
0.042677756251216184
0.1133543915110039
-0.057615864696355226
-0.22624329082968042
-0.0030857764575184486
0.17744892512210678
0.03090273937608258
0.12477357327989219
-0.20856722516519036
0.021312737534241552
-0.14216183095550922
-0.23078848302570054
0.0547575393266746
-0.14926507019512283
-0.18059380173947692
-0.1175673719725239
-0.04321369289307779
-0.18208478143806953
-0.19773206965263834
0.018538638044564945
-0.18243865260594772
-0.15011412730429968
-0.04411255344697256
-0.14809086703629043
-0.02820566206248481
-0.15827848322930552
-0.09722573428078664
-0.0719969118565439
-0.05828065764829302
-0.0879788013032847
-0.033664870637097354
-0.0668281916880202
-0.22734270160706024
-0.08038858749232564
-0.10074263612621764
0.018107254765725563
0.021134101234098097
-0.09670370361899941
0.06515895599918477
0.13044177286075237
