0.0
0.01999866669333308
0.03998933418663416
0.059964006479444595
0.0799146939691727
0.09983341664682815
0.11971220728891936
0.1395431146442365
0.15931820661424598
0.17902957342582418
0.19866933079506122
0.21822962308086932
0.23770262642713458
0.2570805518921551
0.27635564856411376
0.29552020666133955
0.31456656061611776
0.3334870921408144
0.35227423327508994
0.3709204694129827
0.3894183423086505
0.40776045305957015
0.4259394650659996
0.4439481069655198
0.4617791755414829
0.479425538604203
0.49688013784373675
0.5141359916531132
0.5311861979208834
0.5480239367918736
0.5646424733950354
0.5810351605373051
0.5971954413623921
0.6131168519734338
0.6287930240184686
0.644217687237691
0.6593846719714731
0.674287911628145
0.6889214451105513
0.7032794192004101
0.7173560908995228
0.7311458297268958
0.7446431199708593
0.757842562895277
0.7707388788989693
0.7833269096274834
0.795601620036366
0.8075581004051142
0.8191915683009983
0.8304973704919705
0.8414709848078965
0.852108021949363
0.8624042272433384
0.8723554823449863
0.8819578068849475
0.8912073600614354
0.9001004421765051
0.9086334961158832
0.9168031087717669
0.9246060124080203
0.9320390859672263
0.9390993563190676
0.945783999449539
0.9520903415905158
0.9580158602892249
0.963558185417193
0.9687151001182652
0.9734845416953194
0.9778646024353163
0.9818535303723597
0.9854497299884601
0.9886517628517197
0.9914583481916864
0.9938683634116449
0.99588084453764
0.9974949866040544
0.998710143975583
0.9995258306054791
0.9999417202299663
0.9999576464987401
0.9995736030415051
0.998789743470524
0.9976063813191737
0.9960239899165367
0.994043202198076
0.9916648104524686
0.9888897660047015
0.9857191788355535
0.9821543171376185
0.9781966068080447
0.9738476308781951
0.9691091288804563
0.9639829961524481
0.9584712830789142
0.9525761942715953
0.9463000876874145
0.9396454736853249
0.9326150140222005
0.9252115207881683
0.9174379552818098
0.9092974268256817
0.9007931915226273
0.8919286509533796
0.8827073508159741
0.8731329795075164
0.8632093666488737
0.8529404815528762
0.8423304316366457
0.8313834607786831
0.8201039476213742
0.8084964038195901
0.7965654722360865
0.7843159250844198
0.7717526620201259
0.758880708180922
0.7457052121767203
0.7322314440302514
0.7184647930691263
0.7044107657701763
0.6900749835569364
0.675463180551151
0.6605812012792007
0.6454349983343707
0.6300306299958922
0.6143742578057118
0.5984721441039564
0.5823306495240819
0.5659562304487028
0.5493554364271266
0.5325349075556212
0.5155013718214642
0.49826164241183857
0.48082261498864826
0.4631912649303452
0.44537464454187115
0.4273798802338298
0.4092141696720173
0.3908847788984522
0.3723990394250557
0.3537643453011431
0.3349881501559051
0.3160779642170538
0.2970413513068324
0.2778859258165868
0.25861934966111083
0.23924932921398243
0.21978361222511694
0.20022998472177053
0.18059626789423291
0.16089031496745576
0.1411200080598672
0.12129325503062975
0.10141798631660186
0.08150215176026912
0.06155371742991315
0.04158066243329049
0.02159097572609596
0.0015926529164868282
-0.01840630693305381
-0.03839790450523538
-0.058374143427580086
-0.0783270334708653
-0.09824859374510868
-0.11813085589181738
-0.13796586727122684
-0.1577456941432482
-0.17746242484086014
-0.19710817293466984
-0.21667508038737962
-0.236155320696897
-0.2555411020268312
-0.274824670323124
-0.2939983124155676
-0.3130543591029702
-0.3319851882207341
-0.35078322768961984
-0.3694409585444771
-0.3879509179417303
-0.4063057021444168
-0.4244979694835826
-0.44252044329485246
-0.4603659148289983
-0.47802724613534286
-0.4954973729168449
-0.5127693073557238
-0.5298361409084934
-0.5466910470692872
-0.56332728410037
-0.5797381977287428
-0.5959172238077639
-0.6118578909427189
-0.6275538230792933
-0.6429987420539088
-0.6581864701049049
-0.6731109323435617
-0.6877661591839738
-0.7021462887308054
-0.7162455691239705
-0.7300583608392995
-0.7435791389442746
-0.7568024953079282
-0.7697231407640238
-0.7823359072266528
-0.7946357497573968
-0.8066177485832405
-0.8182771110644103
-0.8296091736113709
-0.8406094035501945
-0.8512734009355745
-0.8615969003107405
-0.8715757724135882
-0.8812060258283253
-0.8904838085819885
-0.8994054096851777
-0.9079672606164054
-0.9161659367494549
-0.9239981587231879
-0.9314607937532425
-0.9385508568851079
-0.9452655121880633
-0.951602073889516
-0.9575580074492711
-0.9631309305733167
-0.9683186141667072
-0.9731189832251739
-0.977530117665097
-0.9815502530915153
-0.9851777815038595
-0.9884112519391305
-0.991249371052267
-0.9936910036334644
-0.9957351730622453
-0.9973810616980933
-0.9986280112074989
-0.999475522827284
-0.9999232575641008
-0.9999710363300245
-0.9996188400141854
-0.9988668094904142
-0.9977152455608933
-0.9961646088358407
-0.9942155195492713
-0.9918687573109126
-0.9891252607943698
-0.9859861273616704
-0.9824526126243325
-0.9785261299411385
-0.9742082498528091
-0.9695006994538088
-0.9644053617015305
-0.9589242746631385
-0.9530596307003677
-0.9468137755926089
-0.9401892075986287
-0.9331885764572976
-0.9258146823277325
-0.918070474669267
-0.9099590510617106
-0.9014836559663548
-0.8926476794282346
-0.8834546557201531
-0.8739082619290224
-0.8640123164850744
-0.8537707776345433
-0.8431877418564168
-0.8322674422239013
-0.821014246711247
-0.8094326564466194
-0.7975273039117042
-0.7853029510887806
-0.7727644875559871
-0.759916928531561
-0.7467654128678123
-0.7333152009956565
-0.7195716728205075
-0.7055403255703919
-0.6912267715971271
-0.6766367361314569
-0.6617760549930376
-0.6466506722561834
-0.6312666378723216
-0.6156301052500863
-0.5997473287940438
-0.5836246614030073
-0.5672685519289686
-0.5506855425976376
-0.5338822663916443
-0.5168654443974288
-0.49964188311690244
-0.48221847174493154
-0.46460217941375737
-0.44680005240543
-0.4288192113333959
-0.41066684829434086
-0.39235022399145386
-0.373876664830236
-0.35525355998804264
-0.3364883584585042
-0.31758856607203484
-0.2985617424935936
-0.27941549819892586
-0.2601574914304689
-0.2407954251341592
-0.22133704387835954
-0.2017901307561289
-0.18216250427209588
-0.1624620152151542
-0.14269654351825858
-0.12287399510655005
-0.10300229873509785
-0.0830894028174964
-0.06314327224661277
-0.04317188520872868
-0.02318322999237945
-0.0031853017931379904
0.016813900484349713
0.03680637742582692
0.05678413230707805
0.07673917429251892
0.09666352163141724
0.11654920485049364
0.13638826994159764
0.1561727815432119
0.175894826114484
0.19554651510054424
0.21511998808781552
0.23460741594807993
0.2540010039700231
0.27329299497701237
0.2924756724298697
0.31154136351337786
0.3304824422053109
0.34929133232673487
0.36796051057238466
0.38648250951987934
0.4048499206165983
0.42305539714299684
0.44109165715120235
0.4589514863776903
0.4766277411288995
0.49411335113860816
0.5114013223959524
0.5284847399429308
0.545356770640302
0.562010665900743
0.5784397643882001
0.5946374946823286
0.6105973779069791
0.6263130303216559
0.6417781658749337
0.6569865987187891
0.6719322456828615
0.6866091287076385
0.7010113772355981
0.7151332305593578
0.7289690401258759
0.7425132717958018
0.7557605080570537
0.7687054501917558
0.78134292039565
0.7936678638491531
0.8056753507392133
0.8173605782311729
0.8287188723898353
0.8397456900489799
0.8504366206285644
0.8607873878989016
0.8707938516910911
0.8804520095530344
0.8897579983503596
0.8987080958116269
0.907298722017184
0.9155264408310896
0.9233879612755189
0.9308801388471136
0.9379999767747389
0.9447446272181538
0.951111392407109
0.957097725720417
0.9627012327045701
0.9679196720314863
0.9727509563950137
0.9771931533458229
0.9812444860643621
0.9849033340715608
0.9881682338770004
0.9910378795642898
0.9935111233134158
0.9955869758598548
0.9972646068902659
0.998543345374605
0.9994226798345279
0.9999022585479752
0.9999818896898556
0.9996615414087742
0.998941341839772
0.9978215790530743
0.9963027009388656
0.9943853150281404
0.992070188249698
0.9893582466233818
0.9862505748896837
0.9827484160758622
0.9788531709987474
0.974566397704435
0.9698898108450863
0.9648252809930913
0.9593748338928642
0.9535406496505743
0.94732506186213
0.9407305566797731
0.9337597718176507
0.9264154954967662
0.9187006653297247
0.9106183671457304
0.9021718337562933
0.893364443662152
0.8841997197019127
0.8746813276429652
0.8648130747152218
0.8545989080882804
0.8440429132926041
0.833149312585366
0.8219224632616022
0.8103668559113548
0.7984871126234903
0.7862879851369292
0.7737743529400134
0.7609512213187744
0.7478237193548898
0.7343970978741133
0.7206767273460181
0.706668095735878
0.6923768063095604
0.6778085753922868
0.6629692300821833
0.6478647059195176
0.6325010445125663
0.6168843911210448
0.6010209921980904
0.5849171928917617
0.5685794345070696
0.5520142519295329
0.5352282710113162
0.5182282059209752
0.5010208564578846
0.4836131053324
0.4660119154128711
0.4482243269405849
0.4302574547137687
0.4121184852417566
0.39381467387048763
0.37535334188046277
0.3567418735583286
0.3379877132432676
0.3190983623493521
0.300081376365085
0.2809443618313018
0.2616949732986626
0.24234091026592378
0.22288991410024764
0.20334976494075557
0.183728278586583
0.1640333033706535
0.14427271702045727
0.1244544235070617
0.10458634988363526
0.08467644311472142
0.06473266689756589
0.04476299847674028
0.024775425453357765
0.0047779425901285115
-0.015221451386431743
-0.03521475698538918
-0.05519397715107451
-0.0751511204618093
-0.09507820432636095
-0.11496725817687455
-0.1348103266569955
-0.15459947280389894
-0.17432678122297965
-0.19398436125389723
-0.2135643501267387
-0.2330589161070144
-0.2524602616282581
-0.27176062641094245
-0.2909522905664908
-0.310027577685123
-0.32897885790632714
-0.347798550970695
-0.36647912925192844
-0.38501312076778266
-0.4033931121687696
-0.42161175170339216
-0.43966175215875003
-0.45753589377532133
-0.4752270271347798
-0.49272807601966023
-0.5100320402437544
-0.527131998452086
-0.5440211108893698
-0.5606926221358159
-0.5771398638092097
-0.5933562572321768
-0.6093353160635608
-0.6250706488928821
-0.6405559617968104
-0.6557850608566536
-0.6707518546358369
-0.6854503566164047
-0.6998746875935423
-0.7140190780271818
-0.7278778703497366
-0.7414455212290604
-0.754716603785701
-0.7676858097635825
-0.7803479516532316
-0.79269796476672
-0.8047309092634671
-0.8164419721261122
-0.8278264690856537
-0.8388798464951
-0.8495976831508637
-0.8599756920611861
-0.8700097221608728
-0.87969575997167
-0.8890299312075992
-0.8980085023246196
-0.9066278820139979
-0.9148846226387806
-0.9227754216128066
-0.9302971227216958
-0.9374467173852933
-0.9442213458610589
-0.9506182983879301
-0.9566350162701879
-0.9622690929009016
-0.9675182747245378
-0.9723804621383559
-0.9768537103322188
-0.9809362300664916
-0.9846263883877127
-0.9879227092817555
-0.9908238742642129
-0.9933287229077736
-0.9954362533063774
-0.997145622475965
-0.99845614669166
-0.9993673017612495
-0.9998787232348542
-0.9999902065507035
-0.9997017071169574
-0.999013340329543
-0.997925381525997
-0.9964382658753349
-0.9945525882039892
-0.9922691027578863
-0.9895887229007582
-0.9865125207488105
-0.9830417267418882
-0.9791777291513174
-0.9749220735246146
-0.9702764620672901
-0.9652427529619856
-0.9598229596252282
-0.954019249902089
-0.9478339451990765
-0.9412695195556018
-0.9343285986543979
-0.92701395877128
-0.9193285256646757
-0.9112753734053557
-0.9028577231468499
-0.8940789418370271
-0.8849425408713638
-0.8754521746884285
-0.865611639308158
-0.8554248708134987
-0.8448959437760261
-0.8340290696261731
-0.8228285949687089
-0.8112989998441588
-0.7994448959368459
-0.7872710247302823
-0.7747822556106337
-0.7619835839190333
-0.7488801289535096
-0.7354771319213411
-0.721779953842635
-0.7077940734059963
-0.6935250847771224
-0.6789786953612167
-0.6641607235200951
-0.6490770962449238
-0.6337338467854989
-0.6181371122370333
-0.6022931310853911
-0.5862082407117828
-0.5698888748578939
-0.5533415610524803
-0.5365729180004349
-0.5195896529353996
-0.5023985589369597
-0.48500651221350166
-0.467420469351827
-0.44964746453460147
-0.43169460672678167
-0.4135690768321209
-0.39527812482090974
-0.37682906683007494
-0.3582292822368287
-0.3394862107070128
-0.3206073492193382
-0.3016002490666836
-0.2824725128356853
-0.26323179136580094
-0.24388578068908245
-0.22444221895185537
-0.20490888331957058
-0.18529358686603822
-0.1656041754483094
-0.1458485245684275
-0.1260345362233393
-0.10617013574419806
-0.08626326862634386
-0.06632189735120068
-0.04635399820139722
-0.02636755807035826
-0.006370571267652135
0.013628963678619457
0.033623047221136695
0.053603681993066796
0.07356287600690767
0.09349264585116929
0.11338501988364243
0.13323204141994222
0.15302577191607933
0.17275829414376465
0.1924217153572057
0.21200817045009251
0.23150982510153895
0.25091887890969955
0.2702275685118367
0.28942817068955534
0.3085130054579907
0.32747443913769303
0.34630488740800797
0.3649968183406966
0.38354275541260996
0.40193528049619187
0.4201670368266409
0.4382307319445118
0.4561191406126034
0.4738251077059589
0.4913415510738144
0.5086614643723737
0.5257779198672465
0.5426840712044526
0.5593731561488667
0.5758384992890305
0.592073514707223
0.6080717086137423
0.6238266819443293
0.6393321329197169
0.6545818595662513
0.6695697621966024
0.6842898458495511
0.6987362226879031
0.7129031143535387
0.7267848542786822
0.7403758899524486
0.7536707851417809
0.7666642220658663
0.7793510035231798
0.7917260549702911
0.803784426551621
0.8155212950793129
0.8269319659624454
0.8380118750848066
0.8487565906304755
0.8591618148564958
0.8692233858119117
0.8789372790024944
0.8882996090004825
0.8973066309987074
0.9059547423084618
0.914240483800529
0.9221605412887859
0.9297117468558371
0.9368910801201374
0.9436956694441048
0.9501227930827351
0.9561698802722673
0.9618345122584524
0.9671144232640236
0.9720075013949759
0.9765117894852975
0.9806254858798086
0.9843469451548001
0.9876746787761803
0.9906073556948704
0.9931438028792043
0.9952830057841274
0.9970241087570002
0.9983664153798475
0.9993093887479176
0.9998526516844363
0.999995986891472
0.999739337036853
0.9990828047770997
0.9980266527163617
0.9965713033013819
0.9947173386525218
0.9924655003309216
0.989816689041886
0.9867719642746133
0.9833325438784152
0.9794998035755914
0.9752752764111607
0.9706606521396621
0.9656577765492774
0.9602686507235385
0.9544954302409214
0.9483404243126435
0.9418060948590115
0.934895055524683
0.927610070633246
0.9199540540815249
0.9119300681740611
0.9035413223982337
0.8947911721405042
0.8856831173443083
0.8762208011101247
0.866408008238286
0.8562486637151049
0.8457468311429343
0.8349067111147797
0.8237326395341211
0.8122290858806043
0.8004006514223121
0.7882520673753163
0.7757881930112588
0.7630140137137015
0.7499346389840432
0.7365553003977854
0.722881349511976
0.7089182557246514
0.6946716040871542
0.6801470930701855
0.665350532284497
0.6502878401571168
0.6349650415640629
0.6193882654204708
0.6035637422291092
0.5874978015882668
0.5711968696599886
0.5546674665997031
0.5379162039482439
0.5209497819873273
0.5037749870595203
0.48639868885379967
0.4688278376577654
0.45106946157762406
0.43313066372703096
0.41501861938594564
0.39674057313061206
0.37830383593583167
0.3597157822506608
0.3409838470487362
0.32211552285438105
0.30311835674570226
0.2839999473358494
0.2647679417336776
0.24543003248500284
0.22599395449569257
0.2064674819377966
0.18685842513998854
0.16717462746353695
0.1474239621650635
0.1276143292473524
0.10775365229944406
0.08784987532731216
0.06791095957636362
0.04794488034705369
0.02795962380486148
0.007963183785937343
-0.012036441400328576
-0.03203125217051633
-0.05201325086691355
-0.07197444495646477
-0.09190685022768164
-0.111802493984214
-0.13165341823383273
-0.15145168287151342
-0.1711893688553761
-0.19085858137418937
-0.21045145300520013
-0.22996014686099078
-0.24937685972413315
-0.2686938251683646
-0.2879033166650653
-0.30699765067375967
-0.325969189715432
-0.344810345427416
-0.3635135815986391
-0.3820714171840091
-0.4004764292967199
-0.4187212561773265
-0.4367986001383378
-0.4547012304831975
-0.47242198639846616
-0.48995377981805127
-0.5072895982583391
-0.5244225076230978
-0.541345654977011
-0.5580522712867794
-0.5745356741286307
-0.5907892703612041
-0.6068065587627183
-0.6225811326313736
-0.6381066823479474
-0.6533769978995605
-0.6683859713635882
-0.6831275993507646
-0.6975959854064472
-0.711785342369123
-0.725689994685196
-0.7393043806791324
-0.7526230547780575
-0.7656406896899116
-0.7783520785342984
-0.7907521369251587
-0.8028359050044701
-0.8145985494261158
-0.8260353652891601
-0.8371417780197468
-0.8479133452008673
-0.8583457583492679
-0.8684348446387881
-0.8781765685694277
-0.8875670335815046
-0.896602483614218
-0.9052793046080263
-0.9135940259502211
-0.9215433218631272
-0.9291240127343684
-0.9363330663886722
-0.9431675993006936
-0.9496248777483951
-0.9557023189064934
-0.9613974918795568
-0.9667081186743308
-0.9716320751109048
-0.976167391672356
-0.98031225429253
-0.9840650050816434
-0.9874241429894153
-0.990388324405471
-0.9929563636967662
-0.9951272336818244
-0.9969000660415961
-0.9982741516667748
-0.9992489409414314
-0.999824043962853
-0.999999230697499
-0.9997744310730111
-0.9991497350062422
-0.9981253923672896
-0.9967018128795512
-0.9948795659558413
-0.9926593804706332
-0.9900421444685181
-0.9870289048090022
-0.9836208667477725
-0.9798193934546138
-0.9756260054681576
-0.9710423800876874
-0.9660703507022413
-0.9607119060572806
-0.9549691894592184
-0.948844497918124
-0.9423402812289547
-0.9354591409916635
-0.9282038295705979
-0.9205772489935901
-0.9125824497911845
-0.9042226297764662
-0.8955011327659783
-0.8864214472422384
-0.8769872049583981
-0.8672021794855813
-0.857070284703512
-0.8465955732350126
-0.8357822348250097
-0.8246345946646914
-0.8131571116614885
-0.8013543766555692
-0.7892311105835723
-0.7767921625902832
-0.7640425080890486
-0.750987246771676
-0.7376316005686248
-0.7239809115603028
-0.7100406398403069
-0.6958163613314571
-0.6813137655554999
-0.6665386533573856
-0.6514969345849919
-0.6361946257252741
-0.6206378474977482
-0.6048328224062841
-0.5887858722501876
-0.5725034155955647
-0.5559919652079778
-0.5392581254474379
-0.5223085896267315
-0.5051501373341961
-0.4877896317219724
-0.470234016760835
-0.4524903144626965
-0.43456562207189675
-0.416467109226396
-0.39820201509002867
-0.3797776454569147
-0.36120136982925244
-0.34248061846961253
-0.3236228794289322
-0.3046356955513944
-0.2855266614573912
-0.2663034205057765
-0.2469736617366209
-0.22754511679571235
-0.20802555684197996
-0.1884227894391479
-0.16874465543281056
-0.1489990258141988
-0.1291937985718886
-0.10933689553271062
-0.08943625919312187
-0.06949984954232695
-0.04953564087836742
-0.029551618618522943
-0.009555776105247387
0.010443888591061618
0.03043937587118419
0.05042268780681122
0.07038583133961261
0.09032082147833985
0.11021968449273732
0.1300744611029139
0.14987720966295234
0.16962000933746174
0.18929496326980613
0.2088942017407418
0.22840988531620005
0.24783420798295983
0.267159400270935
0.2863777323608796
0.30548151717619876
0.32446311345768003
0.3433149288198954
0.36202942278805417
0.3805991098140923
0.3990165622707952
0.4172744134227364
0.4353653603728932
0.45328216698369495
0.4710176667713848
0.48856476577251795
0.5059164453814522
0.5230657651576964
0.5400058656019978
0.5567299709000376
0.5732313916326848
0.5895035274516621
0.605539869719601
0.6213340041134094
0.6368796131899154
0.6521704789127603
0.6672004851395306
0.6819636200681356
0.6964539786414377
0.7106657649092124
0.7245932943464407
0.7382309961270456
0.7515734153521483
0.7646152152319554
0.7773511792204034
0.7897762131017096
0.8018853470279821
0.8136737375071054
0.8251366693400644
0.8362695575069629
0.8470679490009708
0.857527524609467
0.8676441006416673
0.8774136306020465
0.8868322068088755
0.8958960619572528
0.9046015706259687
0.9129452507276277
0.9209237649014367
0.9285339218481049
0.9357726776063212
0.9426371367702976
0.9491245536478946
0.9552323333588566
0.9609580328727364
0.96629936198607
0.9712541842384289
0.9758205177669755
0.9799965360991822
0.9837805688833955
0.9871711025569554
0.9901667809515977
0.9927664058359071
0.9949689373945911
0.9967734946443929
0.9981793557864731
0.9991859584951193
0.9997929001426692
0.9999999379605563
0.999806989136414
0.9992141308471991
0.998221600228323
0.9968297942787993
0.9950392697024508
0.9928507426852348
0.9902650886087779
0.9872833417002362
0.9839066946186161
0.9801364979777302
0.9759742598059655
0.9714216449430951
0.9664804743743635
0.9611527245021165
0.9554405263552675
0.9493461647369137
0.9428720773104439
0.9360208536245113
0.9287952340772404
0.92119810882011
0.9132325166019293
0.904901643553379
0.8962088219126018
0.8871575286923511
0.8777513842892312
0.867994151035593
0.8578897316946416
0.8474421678993895
0.8366556385360561
0.8255344580725679
0.8140830748328302
0.8023060692174555
0.7902081518716655
0.7777941618010928
0.7650690644362524
0.7520379496464225
0.7387060297037729
0.7250786371985243
0.7111612229059824
0.6969593536063015
0.6824787098578454
0.6677250837250385
0.6527043764616265
0.6374225961502389
0.6218858552992458
0.6061003683978339
0.5900724494302932
0.5738085093505084
0.5573150535176614
0.5405986790941727
0.5236660724069355
0.5065240062728569
0.48917933728983237
0.47163900309419615
0.45391001958575844
0.4359994781215394
0.4179145426793206
0.39966244699214964
0.3812504916549401
0.36268604120434406
0.34397652117301564
0.3251294151195105
0.30615226163495857
0.28705265132772845
0.2678382237872849
0.2485166645284551
0.22909570191732184
0.20958310407999373
0.18998667579543774
0.17031425537368547
0.15057371152061022
0.1307729401905494
0.11091986142802837
0.09102241619984787
0.07108856321879993
0.05112627576030288
0.0311435384731763
0.011148344185902088
-0.008851309290403876
-0.028847422361009564
-0.04883199684729801
-0.06879703918593216
-0.08873456362617356
-0.10863659542407976
-0.12849517403228142
-0.1483023562841163
-0.16805021957077595
-0.187730865010247
-0.20733642060675878
-0.2268590443994766
-0.24629092759918156
-0.26562429771168555
-0.28485142164671146
-0.30396460881104703
-0.32295621418466564
-0.34181864137863577
-0.36054434567357563
-0.37912583703743985
-0.3975556831214329
-0.4158265122328524
-0.433931016283655
-0.45186195371361393
-0.4696121523868332
-0.4871745124605095
-0.5045420092247752
-0.5217076959124882
-0.538664706477846
-0.555406258342713
-0.5719256551095638
-0.5882162892399417
-0.6042716446974028
-0.6200852995538328
-0.6356509285581352
-0.6509623056662469
-0.6660133065314738
-0.6807979109541472
-0.695310205289626
-0.7095443848136653
-0.723494756044245
-0.737155739018875
-0.7505218695265097
-0.7635878012931586
-0.7763483081203252
-0.7887982859754165
-0.8009327550332899
-0.8127468616681088
-0.8242358803947409
-0.8353952157588804
-0.8462204041751706
-0.8567071157125791
-0.8668511558263118
-0.8766484670355753
-0.886095130546515
-0.8951873678196818
-0.9039215420813916
-0.9122941597783953
-0.9203018719752477
-0.9279414756938381
-0.9352099151945389
-0.9421042831984612
-0.9486218220503272
-0.9547599248214963
-0.9605161363526984
-0.9658881542360704
-0.970873829736085
-0.9754711686490171
-0.9796783321005984
-0.983493637281543
-0.9869155581206487
-0.9899427258952054
-0.9925739297784637
-0.9948081173239532
-0.9966443948864446
-0.9980820279793963
-0.999120441568739
-0.9997592203028827
-0.9999981086788503
-0.9998370111444768
-0.9992759921366277
-0.9983152760554262
-0.9969552471744957
-0.9951964494872546
-0.9930395864893278
-0.9904855208971565
-0.9875352743029239
-0.9841900267659315
-0.9804511163405908
-0.9763200385412218
-0.9717984457438633
-0.966888146525347
-0.9615911049398908
-0.9559094397335024
-0.9498454234965098
-0.9434014817545555
-0.9365801919984168
-0.9293842826530493
-0.9218166319862459
-0.9138802669573725
-0.9055783620066239
-0.8969142377852898
-0.8878913598275388
-0.8785133371642503
-0.8687839208794511
-0.8587070026099295
-0.8482866129886397
-0.8375269200324919
-0.8264322274752078
-0.8150069730458831
-0.8032557266939547
-0.7911831887612825
-0.7787941881020741
-0.7660936801514068
-0.7530867449431273
-0.7397785850778934
-0.7261745236422112
-0.7122800020792701
-0.6981005780124373
-0.6836419230222832
-0.6689098203780243
-0.6539101627242901
-0.6386489497241549
-0.6231322856593358
-0.6073663769885725
-0.5913575298651244
-0.5751121476143921
-0.5586367281726737
-0.5419378614880768
-0.5250222268846264
-0.5078965903906221
-0.49056780203232886
-0.4730427930940395
-0.4553285733456657
-0.4374322282389203
-0.41936091607323134
-0.40112186513251735
-0.38272237079397065
-0.36416979260999993
-0.345471551364521
-0.32663512610472223
-0.3076680511495585
-0.2885779130761209
-0.26937234768510715
-0.2500590369466027
-0.23064570592739567
-0.21114011970104932
-0.19155008024199002
-0.17188342330480097
-0.15214801529003844
-0.13235175009777303
-0.112502545970135
-0.09260834232412285
-0.07267709657594248
-0.05271678095814679
-0.03273537933084532
-0.012740883988280967
0.00725870753800251
0.027255395678052262
0.04724118202323122
0.06720807252547492
0.08714808069480412
0.10705323079381432
0.12691556102786788
0.1467271267296917
0.16648000353715925
0.1861662905629157
0.20577811355463113
0.22530762804459628
0.24474702248740526
0.2640885213844694
0.2833243883941165
0.3024469294260107
0.32144849571870643
0.3403214868990375
0.3590583540221683
0.3776516025910711
0.396093795554225
0.41437755628033746
0.4324955715088982
0.4504405942753893
0.46820544680996157
0.4857830234084659
0.5031662932746275
0.5203483033322737
0.5373221810064719
0.5540811369724676
0.5706184678713244
0.5869275589911804
0.6030018869130335
0.6188350221200393
0.6344206315692207
0.6497524812246034
0.6648244385507471
0.6796304749656783
0.694164668252242
0.7084212049269129
0.7223943825651005
0.7360786120820588
0.7494684199684349
0.7625584504796027
0.7753434677778892
0.7878183580268395
0.7999781314366838
0.8118179242601864
0.8233330007380816
0.8345187549933064
0.8453707128733023
0.8558845337396082
0.8660560122040598
0.8758810798108894
0.8853558066640532
0.8944764029991382
0.903239220699218
0.9116407547540457
0.9196776446620198
0.9273466757743342
0.9346447805807963
0.9415690399367904
0.9481166842308962
0.9542850944926969
0.9600718034403333
0.965474496467379
0.9704910125686596
0.9751193452046203
0.979357643103917
0.9832042110039001
0.9866575103286963
0.9897161598046191
0.9923789360126596
0.9946447738778381
0.9965127670952186
0.9979821684924207
0.9990523903284775
0.9997230045289237
0.9999937428570207
0.9998644970210471
0.9993353187176138
0.9984064196109868
0.9970781712484235
0.9953511049115591
0.9932259114039014
0.9907034407745177
0.9877847019780271
0.9844708624710327
0.9807632477451529
0.9766633407968431
0.9721727815342197
0.9672933661211136
0.9620270462586319
0.956375928404503
0.9503422729305214
0.943928493218429
0.9371371546945946
0.9299709738038778
0.9224328169230858
0.9145256992144661
0.9062527834196741
0.8976173785947236
0.8886229387864073
0.8792730616507243
0.8695714870138656
0.8595220953763332
0.8491289063607903
0.8383960771042727
0.8273279005953786
0.8159288039571381
0.8042033466762203
0.7921562187792005
0.779792238956611
0.7671163526355301
0.7541336300014744
0.7408492639704013
0.7272685681115987
0.7133969745223362
0.6992400316550977
0.6848034020982734
0.6700928603112
0.6551142903144545
0.6398736833363239
0.6243771354163914
0.6086308449672126
0.5926411102950166
0.5764143270804788
0.5599569858205307
0.5432756692322479
0.5263770496198512
0.5092678862058737
0.49195502242755873
0.4744453831995887
0.4567459721441928
0.43886386878980443
0.4208062257393404
0.40258026580925543
0.3841932791405121
0.36565262028262135
0.34696570525191744
0.3281400085652639
0.30918306025032594
0.2901024428336737
0.27090578830786904
0.2516007750787702
0.23219512489427216
0.21269659975571015
0.19311299881316268
0.1734521552458921
0.15372193312919125
0.13393022428883716
0.11408494514448005
0.09419403354317746
0.07426544558436131
0.054307152437504155
0.034327137153757716
0.014333391472835277
-0.005666087373563407
-0.02566329986055949
-0.04565024736978412
-0.06561893538872268
-0.08556137670841324
-0.10546959461822357
-0.12533562609642912
-0.14515152499531903
-0.16490936521953514
-0.18460124389642565
-0.20421928453707472
-0.22375564018679642
-0.24320249656381218
-0.2625520751848591
-0.28179663647647984
-0.3009284828707483
-0.3199399618841981
-0.33882346917870015
-0.35757145160311676
-0.3761764102144479
-0.3946309032773119
-0.4129275492405401
-0.4310590296896994
-0.44901809227435996
-0.46679755360894193
-0.4843903021459616
-0.5017893010205742
-0.5189875908652133
-0.5359782925932486
-0.5527546101505285
-0.5693098332337115
-0.5856373399742976
-0.6017305995872906
-0.6175831749834134
-0.6331887253438754
-0.6485410086566037
-0.6636338842129675
-0.6784613150639799
-0.693017370434997
-0.7072962280979486
-0.7212921767001516
-0.7349996180487777
-0.7484130693500461
-0.7615271654022824
-0.774336660741918
-0.7868364317416079
-0.7990214786596137
-0.8108869276396334
-0.8224280326602789
-0.833640177433423
-0.844518877250646
-0.8550597807770702
-0.8652586717918288
-0.875111470874499
-0.8846142370368169
-0.8937631692990192
-0.9025546082101854
-0.9109850373119699
-0.9190510845451334
-0.9267495235983298
-0.9340772751985826
-0.9410314083429535
-0.9476091414709055
-0.9538078435768892
-0.9596250352627104
-0.9650583897292565
-0.9701057337071853
-0.9747650483262011
-0.9790344699225805
-0.9829122907846096
-0.9863969598356475
-0.9894870832545352
-0.9921814250331062
-0.9944789074705733
-0.9963786116045945
-0.9978797775788446
-0.9989818049469494
-0.9996842529126553
-0.9999868405061417
-0.9998894466964058
-0.9993921104396729
-0.9984950306638146
-0.9971985661887802
-0.995503235583074
-0.9934097169563341
-0.990918847688098
-0.9880316240928618
-0.9847492010215678
-0.9810728913996795
-0.9770041657020287
-0.9725446513646459
-0.9676961321338052
-0.962460547352555
-0.956839991185
-0.9508367117786675
-0.9444531103652772
-0.9376917403002811
-0.9305553060415548
-0.9230466620676505
-0.9151688117360425
-0.9069249060818295
-0.8983182425573547
-0.8893522637132738
-0.8800305558215797
-0.8703568474411413
-0.8603350079263297
-0.8499690458793281
-0.8392631075467423
-0.8282214751611653
-0.8168485652283296
-0.8051489267605715
-0.7931272394572851
-0.7807883118331047
-0.7681370792945631
-0.7551786021659949
-0.741918063665474
-0.7283607678315934
-0.7145121374019301
-0.7003777116440074
-0.6859631441396722
-0.6712742005237343
-0.6563167561777904
-0.6410967938801487
-0.6256204014127983
-0.6098937691263742
-0.5939231874641107
-0.5777150444457317
-0.5612758231123391
-0.5446120989332794
-0.5277305371760443
-0.5106378902402522
-0.4933409949567783
-0.4758467698531108
-0.4581622123860442
-0.4402943961427712
-0.42225046801155486
-0.404037645323065
-0.3856632129635427
-0.36713452046094264
-0.3484589790452199
-0.32964405868393676
-0.3106972850943722
-0.2916262367333486
-0.2724385417659295
-0.2531418750142696
-0.23374395488778393
-0.2142525402958877
-0.19467542754453554
-0.17502044721780333
-0.15529546104575534
-0.1355083587598711
-0.11566705493723693
-0.09577948583483471
-0.07585360621514134
-0.05589738616432984
-0.03591880790434116
-0.0159258626001018
0.004073452836839154
0.024071138946953802
0.04405919692243391
0.06402963180659317
0.08397445569174683
0.10388569091426827
0.1237553732455481
0.14357555507757933
0.16333830860189477
0.183035728980588
0.20265993750812936
0.22220308476276393
0.24165735374616168
0.26101496301011606
0.2802681697690195
0.2994092729968745
0.3184306165076011
0.337324592017413
0.3560836421880158
0.374700263649462
0.3931670100013853
0.41147649479146503
0.4296213944699082
0.4475944513187724
0.46538847635495545
0.48299635220569664
0.5004110359554179
0.5176255619628152
0.5346330446470094
0.5514266812416906
0.5679997545161356
0.5843456354619974
0.6004577859448514
0.6163297613193189
0.631955213006885
0.6473278910351998
0.6624416465380295
0.6772904342146763
0.691868314748061
0.7061694571803343
0.7201881412451978
0.7339187596559485
0.7473558203482851
0.7604939486770985
0.7733278895662207
0.7858525096104217
0.7980627991286724
0.8099538741679628
0.8215209784568311
0.8327594853077798
0.8436648994679209
0.8542328589169865
0.8644591366121085
0.8743396421785503
0.8838704235458307
0.8930476685284743
0.9018677063508469
0.9103270091154247
0.9184221932138851
0.9261500206805285
0.9335074004873996
0.9404913897806775
0.9470991950577589
0.9533281732846401
0.9591758329530804
0.964639835077178
0.9697179941289396
0.9744082789124487
0.9787088133763318
0.9826178773641395
0.9861339073024
0.9892554968260163
0.9919813973407985
0.9943105185228875
0.9962419287548636
0.997774855498387
0.9989086856031978
0.9996429655523726
0.9999774016437215
0.9999118601072672
0.9994463671587501
0.9985811089891439
0.9973164316901787
0.9956528411159132
0.9935910026803949
0.9911317410915087
0.9882760400210986
0.9850250417115194
0.9813800465187464
0.9773425123922587
0.9729140542918753
0.9680964435417879
0.9628916071220661
0.9573016268978772
0.9513287387867827
0.9449753318643853
0.9382439474087453
0.9311372778838967
0.9236581658628901
0.915809602890819
0.9075947282882207
0.8990168278954119
0.890079332758173
0.8807858177554002
0.8711400001691764
0.8611457381979297
0.8508070294131977
0.8401280091606392
0.8291129489059776
0.8177662545264418
0.806092464548504
0.7940962483324989
0.781782404204974
0.7691558575393891
0.756221658786063
0.742984981452048
0.729451120031782
0.7156254878893933
0.7015136150933898
0.6871211462047443
0.6724538380191049
0.6575175572641893
0.6423182782531572
0.6268620804949481
0.611155146262596
0.5952037581203601
0.5790142964108259
0.5625932367028094
0.5459471472012607
0.5290826861200238
0.5120065990186806
0.4947257161043997
0.4772469494999258
0.459577290478866
0.4417238066692238
0.42369363922649256
0.40549399997723745
0.3871321685345126
0.36861548938606076
0.3499513689566622
0.3311472726456436
0.3122107218407981
0.29314929090997727
0.2739706041713907
0.2546823328440351
0.23529219197925416
0.2158079373748689
0.19623736247294143
0.17658829524248112
0.15686859504841
0.1370861495078659
0.11724887133531664
0.09736469517752364
0.07744157443984534
0.057487478104924564
0.03751038754525131
0.01751829333069888
-0.0024808079676187983
-0.022478916975819323
-0.04246803471695152
-0.062440165810422756
-0.08238732167010135
-0.10230152369958781
-0.12217480648360363
-0.1419992209740017
-0.16176683766930083
-0.18146974978640165
-0.20110007642314534
-0.22064996571062537
-0.24011159795377449
-0.25947718875919434
-0.27873899214876013
-0.29788930365793
-0.3169204634174479
-0.3358248592171419
-0.35459492955076083
-0.3732231666404222
-0.39170211943967653
-0.41002439661377377
-0.428182669496151
-0.4461696750197559
-0.4639782186221962
-0.4816011771234877
-0.499031501575187
-0.5162622200799271
-0.5332864405800335
-0.550097353614305
-0.5666882350416584
-0.5830524487307436
-0.5991834492142653
-0.6150747843071017
-0.6307200976871087
-0.6461131314375246
-0.6612477285500976
-0.6761178353877643
-0.6907175041060652
-0.7050408950321677
-0.7190822790006722
-0.7328360396452173
-0.7462966756449163
-0.7594588029248518
-0.7723171568095951
-0.7848665941290438
-0.797102095275585
-0.8090187662119065
-0.8206118404285161
-0.8318766808502956
-0.8428087816912802
-0.853403770256885
-0.863657408692956
-0.8735655956808248
-0.8831243680778108
-0.8923299025023969
-0.9011785168635587
-0.9096666718335282
-0.9177909722634886
-0.9255481685415964
-0.9329351578927624
-0.9399489856197436
-0.9465868462849605
-0.9528460848326553
-0.958724197650862
-0.9642188335728253
-0.9693277948174411
-0.9740490378683264
-0.9783806742912133
-0.9823209714892841
-0.9858683533961988
-0.98902140110649
-0.9917788534431158
-0.9941396074619059
-0.9961027188927286
-0.9976674025171873
-0.9988330324826934
-0.9995991425528029
-0.9999654262937021
-0.9999317371967783
-0.9994980887372215
-0.9986646543686329
-0.9974317674536479
-0.995799921130595
-0.9937697681162445
-0.9913421204447351
-0.9885179491427657
-0.9852983838412038
-0.9816847123232408
-0.9776783800093034
-0.9732809893789018
-0.9684942993296538
-0.9633202244737609
-0.9577608343721749
-0.9518183527068164
-0.945495156391115
-0.9387937746192937
-0.9317168878547055
-0.9242673267577016
-0.9164480710533974
-0.9082622483398137
-0.8997131328368989
-0.8908041440768614
-0.8815388455364266
-0.8719209432114685
-0.8619542841346869
-0.8516428548368182
-0.8409907797521016
-0.8300023195685488
-0.8186818695237146
-0.8070339576466877
-0.7950632429469073
-0.7827745135506544
-0.7701726847858311
-0.7572627972159257
-0.7440500146238411
-0.730539621946437
-0.7167370231606575
-0.702647739121975
-0.6882774053561604
-0.673631769805108
-0.6587166905277759
-0.6435381333569995
-0.6281021695132742
-0.6124149731763331
-0.5964828190155399
-0.5803120796801445
-0.5639092232502625
-0.5472808106497756
-0.530433493022003
-0.51337400906938
-0.4961091823580187
-0.478645918588415
-0.46099120283324263
-0.4431520967433981
-0.4251357357234784
-0.4069493260776638
-0.38860014212734334
-0.37009552330143153
-0.3514428712007403
-0.33264964663741786
-0.3137233666507033
-0.2946716015002576
-0.2755019716381073
-0.2562221446606193
-0.23683983224150987
-0.21736278704733306
-0.19779879963646227
-0.178155695343019
-0.15844133114682313
-0.13866359253068444
-0.11883039032636375
-0.09894965755028955
-0.07902934623051347
-0.05907742422594868
-0.03910187203938909
-0.01911067962535799
0.0008881568057175921
0.020886637985905718
0.040876764789391375
0.06085054143197044
0.08079997866931354
0.10071709699250053
0.1205939298197743
0.1404225266830178
0.16019495640785641
0.1799033102860432
0.1995397052387874
0.21909628696993697
0.23856523310753652
0.25793875633272734
0.2772091074945157
0.2963685787093853
0.3154095064442995
0.3343242745820332
0.35310531746753837
0.371745122934058
0.39023623530794616
0.40857125839078506
0.4267428584178182
0.4447437669913068
0.46256678398784307
0.480204780438259
0.49765070137913847
0.5148975686747266
0.5319384838080482
0.5487666306402712
0.5653752781370229
0.5817577830607622
0.5979075926279442
0.6138182471300643
0.6294833825174722
0.6448967329448673
0.6600521332775985
0.674943521557591
0.6895649414280928
0.7039105445160947
0.7179745927716441
0.7317514607629517
0.7452356379265054
0.7584217307712358
0.7713044650358081
0.783878687798293
0.7961393695372306
0.8080816061434077
0.8197006208814012
0.8309917663002419
0.8419505260923049
0.8525725168997846
0.8628534900679901
0.8727893333447245
0.8823760725251606
0.8916098730414407
0.9004870414964805
0.9090040271412555
0.9171574232950631
0.9249439687081581
0.932360548866189
0.9394041972359842
0.946072096452105
0.9523615794437735
0.9582701305016476
0.9637953862840878
0.9689351367624479
0.9736873261050644
0.978050053499565
0.9820215739131577
0.985600298790633
0.9887847966897529
0.9915737938538196
0.9939661747211515
0.9959609823713013
0.9975574189078051
0.9987548457773336
0.9995527840251053
0.9999509144864596
0.9999490779145203
0.999547275043892
0.9987456665903652
0.9975445731866335
0.9959444752540446
0.9939460128104362
0.9915499852141411
0.9887573508442495
0.9855692267172771
0.9819868880403643
0.9780117677012207
0.9736454556949781
0.9688896984882237
0.963746398320433
0.9582176124430928
0.9523055522968419
0.9460125826269081
0.9393412205372589
0.9322941344837749
0.9248741432069227
0.9170842146042759
0.9089274645434138
0.9004071556156086
0.8915266958308227
0.8822896372545718
0.8726996745871207
0.8627606436856788
0.852476520030081
0.841851417132673
0.8308895848929517
0.8195954078976494
0.8079734036669851
0.796028220847685
0.7837646373536182
0.7711875584546615
0.7583020148146911
0.7451131604793488
0.7316262708145244
0.717846740396266
0.7037800808530064
0.6894319186610198
0.6748079928938668
0.6599141529268815
0.6447563560974581
0.629340665322238
0.6136732466719804
0.5977603669052548
0.5816083909618048
0.5652237794166395
0.5486130858959299
0.5317829544555998
0.5147401169238381
0.49749139020841093
0.4800436735700304
0.46240394586272515
0.4445792627423722
0.42657675384457316
0.4084036199328441
0.39006713001845733
0.3715746184528824
0.3529334819941951
0.33415117684842055
0.31523521568719615
0.29619316464278383
0.2770326402816971
0.2577613065582239
0.23838687174889206
0.21891708536931684
0.1993597350744425
0.17972264354363973
0.16001366535168246
0.1402406838270716
0.12041160789878783
0.10053436893280417
0.08061691755969483
0.06066722049443244
0.040693257349864856
0.02070301744491976
0.0007044966090332485
-0.01929430601609661
-0.03928539117608112
-0.05926076270338633
-0.07921243071575024
-0.09913241481197244
-0.11901274726402482
-0.13884547620398002
-0.158622668804709
-0.17833641445285678
-0.19797882791300359
-0.21754205248167469
-0.23701826312986818
-0.256399669633018
-0.2756785196869245
-0.29484710200862757
-0.31389774942076276
-0.33282284191838385
-0.3516148097168163
-0.37026613627949034
-0.38876936132447515
-0.407117083808446
-0.4253019648870554
-0.4433167308503208
-0.46115417603206343
-0.47880716569203347
-0.49626863886973094
-0.5135316112087136
-0.5305891777502036
-0.5474345156950275
-0.5640608871325972
-0.5804616417360311
-0.5966302194221502
-0.6125601529754697
-0.6282450706349588
-0.6436786986426777
-0.6588548637532131
-0.6737674957028562
-0.6884106296376704
-0.7027784084993103
-0.7168650853678095
-0.7306650257602302
-0.7441727098844222
-0.7573827348468307
-0.7702898168135979
-0.7828887931240379
-0.7951746243556022
-0.8071423963396153
-0.8187873221268436
-0.830104743902244
-0.8410901348479991
-0.8517391009541967
-0.8620473827763864
-0.8720108571392737
-0.8816255387859653
-0.8908875819719895
-0.8997932820035709
-0.9083390767194317
-0.9165215479156338
-0.924337422712794
-0.9317835748652009
-0.9388570260112797
-0.9455549468648784
-0.9518746583469646
-0.9578136326572028
-0.9633694942850582
-0.9685400209599532
-0.9733231445401607
-0.9777169518400209
-0.9817196853951958
-0.9853297441656353
-0.9885456841759621
-0.991366219093053
-0.9937902207405457
-0.9958167195501026
-0.9974449049492187
-0.9986741256854427
-0.9995038900868702
-0.9999338662588036
-0.9999638822165076
-0.9995939259539989
-0.9988241454488497
-0.997654848602999
-0.996086503119594
-0.9941197363159173
-0.9917553348724681
-0.9889942445182972
-0.9858375696527342
-0.9822865729036345
-0.9783426746223545
-0.974007452315619
-0.9692826400145519
-0.9641701275810733
-0.9586719599519926
-0.9527903363210555
-0.9465276092592896
-0.9398862837740221
-0.9328690163068926
-0.9254786136713307
-0.9177180319298478
-0.9095903752116702
-0.9010988944711209
-0.8922469861872717
-0.8830381910054188
-0.873476192320846
-0.8635648148055421
-0.8533080228783565
-0.8427099191193119
-0.8317747426285983
-0.8205068673310151
-0.8089108002264492
-0.7969911795871223
-0.784752773102372
-0.7722004759716072
-0.7593393089463275
-0.7461744163218537
-0.7327110638797154
-0.7189546367813711
-0.7049106374142481
-0.6905846831908476
-0.6759825043018387
-0.6611099414240942
-0.6459729433844564
-0.630577564780328
-0.6149299635578708
-0.5990363985489471
-0.5829032269676551
-0.5665369018675097
-0.5499439695603477
-0.5331310669978442
-0.516104919116867
-0.4988723361495442
-0.48144021089931016
-0.46381551598382736
-0.4460053010460755
-0.42801668993456954
-0.4098568778538965
-0.3915331284867739
-0.3730527710886221
-0.35442319755601215
-0.3356518594699528
-0.31674626511541054
-0.29771397647804265
-0.27856260621955026
-0.25929981463269547
-0.23993330657726547
-0.22047082839827958
-0.2009201648274993
-0.1812891358696948
-0.1615855936746917
-0.14181741939666453
-0.12199252004175946
-0.10211882530537589
-0.0822042844004434
-0.06225686287778618
-0.042284539440065376
-0.022295302750347787
-0.002297148236803899
0.017701925105413577
0.03769391791361141
0.057670833657215564
0.07762468183629813
0.09754748117762105
0.11743126282709573
0.1372680735371618
0.15704997884803665
0.17676906626133707
0.1964174484050294
0.2159872661882241
0.23547069194472836
0.254859932564029
0.2741472326083843
0.29332487741495084
0.31238519618149074
0.3313205650346453
0.35012341007933456
0.3687862104282353
0.3873015012100553
0.40566187655533587
0.42385999255875373
0.4418885702165328
0.4597403983380008
0.4774083364299175
0.4948853175526281
0.5121643511467004
0.529238525829075
0.5461010121575437
0.5627450653623931
0.5791640280442708
0.5953513328370093
0.6113005050345305
0.627005165180597
0.6424590316205543
0.6576559230138694
0.6725897608066024
0.6872545716627619
0.7016444898535232
0.7157537596034834
0.7295767373928534
0.7431078942148314
0.7563418177870964
0.7692732147166651
0.7818969126171911
0.7942078621778189
0.806201139182877
0.8178719464814629
0.8292156159062741
0.8402276101407798
0.8509035245341184
0.8612390888628724
0.8712301690391122
0.8808727687639873
0.8901630311261672
0.899097240144582
0.9076718222547393
0.9158833477381272
0.9237285320940323
0.9312042373533186
0.9383074733335544
0.9450353988350539
0.9513853227773257
0.9573547052754529
0.9629411586560311
0.9681424484121893
0.9729564940973784
0.9773813701575086
0.9814153067011522
0.9850566902074797
0.988304064171637
0.9911561296873386
0.9936117459664031
0.9956699307950619
0.9973298609268242
0.9985908724117705
0.9994524608621193
0.9999142816539781
0.9999761500651883
0.9996380413492099
0.9989000907450211
0.997762593423025
0.9962260043669832
0.9942909381920313
0.9919581688988378
0.9892286295640171
0.9861034119669111
0.9825837661528873
0.978671099933346
0.9743669783226039
0.9696731229119208
0.9645914111808738
0.9591238757464017
0.9532727035497809
0.9470402349818713
0.940428962947006
0.9334415318658451
0.9260807366176617
0.918349521422407
0.9102509786630832
0.9017883476488092
0.8929650133191598
0.8837845048902274
0.874250494442972
0.8643667954544605
0.8541373612725007
0.843566283534382
0.8326577905302461
0.821416245511858
0.8098461449473316
0.7979521167226309
0.785738918290465
0.7732114347673579
0.7603746769796966
0.7472337794594327
0.7337939983903741
0.7200607095057439
0.7060394059379929
0.6917356960216048
0.6771553010498227
0.6623040529862428
0.6471878921320662
0.6318128647500989
0.6161851206462854
0.6003109107099109
0.5841965844132856
0.5678485872720789
0.5512734582671827
0.5344778272291885
0.5174684121865847
0.500252016678587
0.4828355270338619
0.4652259096160383
0.44743020803730404
0.429455540341005
0.4113090961545671
0.392998133813722
0.3745299774592501
0.3559120141074676
0.3371516906954657
0.3182565111024882
0.2992340331484266
0.2800918655708395
0.26083766498153926
0.24147913280402875
0.22202401219308238
0.20248008493753253
0.1828551683477131
0.163157112128584
0.1433937952400096
0.123573122745224
0.10370302264895995
0.08379144272633192
0.0638463473438106
0.04387571427363214
0.023887531502738858
0.0038897940377477518
-0.016109499293002327
-0.036102349038818565
-0.05608075832638461
-0.07603673605835357
-0.09596230010970173
-0.11584948052049336
-0.1356903226837089
-0.15547689052703814
-0.17520126968714714
-0.19485557067537407
-0.21443193203337044
-0.23392252347760084
-0.2533195490313725
-0.27261525014307375
-0.2918019087895461
-0.31087185056313604
-0.3298174477414103
-0.3486311223380886
-0.36730534913419133
-0.38583265868797967
-0.4042056403226531
-0.42241694509054073
-0.4404592887125365
-0.45832545449176587
-0.4760082962001168
-0.4935007409366866
-0.5107957919567977
-0.5278865314706519
-0.544766123410311
-0.5614278161640517
-0.5778649452769369
-0.5940709361164688
-0.6100393065024
-0.6257636692994736
-0.6412377349722373
-0.6564553141007345
-0.6714103198562069
-0.6860967704357603
-0.7005087914549692
-0.714640618297594
-0.7284865984213091
-0.7420411936186859
-0.755298982232361
-0.7682546613236668
-0.7809030487937019
-0.7932390854561169
-0.8052578370607338
-0.8169544962671503
-0.8283243845676455
-0.8393629541584875
-0.8500657897590268
-0.8604286103777181
-0.8704472710244906
-0.880117764368662
-0.8894362223418296
-0.8983989176850553
-0.9070022654396963
-0.9152428243813668
-0.9231172983963569
-0.9306225378000577
-0.9377555405967734
-0.9445134536804884
-0.9508935739760784
-0.9568933495204878
-0.9625103804834988
-0.9677424201276152
-0.9725873757067427
-0.9770433093032445
-0.981108438603097
-0.9847811376087796
-0.9880599372896575
-0.9909435261695775
-0.993430750851433
-0.9955206164785154
-0.997212287132437
-0.9985050861674928
-0.9993984964813047
-0.9998921607216601
-0.9999858814294444
-0.9996796211176243
-0.9989735022862408
-0.9978678073734124
-0.9963629786423608
-0.9944596180045154
-0.9921584867787523
-0.989460505386881
-0.9863667529854869
-0.9828784670342787
-0.9789970428011298
-0.9747240328039787
-0.9700611461898548
-0.9650102480512294
-0.9595733586800171
-0.9537526527594719
-0.947550458494355
-0.9409692566796805
-0.934011679708421
-0.9266805105186039
-0.918978681480152
-0.9109092732219967
-0.9024755133998446
-0.893680775405182
-0.884528577015939
-0.8750225789894467
-0.8651665835981741
-0.8549645331088594
-0.84442050820568
-0.8335387263580045
-0.8223235401334913
-0.8107794354570883
-0.7989110298167507
-0.7867230704164957
-0.7742204322775708
-0.7614081162885409
-0.7482912472049638
-0.7348750715995931
-0.7211649557637813
-0.7071663835610735
-0.6928849542336957
-0.6783263801629672
-0.6634964845844098
-0.6484011992585152
-0.6330465620981568
-0.6174387147534618
-0.6015839001552775
-0.5854884600180371
-0.5691588323032041
-0.5526015486441271
-0.5358232317335149
-0.5188305926744297
-0.5016304282959176
-0.48422961843441
-0.46663512318183115
-0.4488539801017046
-0.43089330141417087
-0.4127602711512389
-0.39446214228324983
-0.37600623381776604
-0.35739992787211133
-0.3386506667205699
-0.31976594981762907
-0.30075333079824357
-0.2816204144565365
-0.26237485370392877
-0.2430243465081242
-0.2235766328140047
-0.2040394914477347
-0.18442073700538283
-0.1647282167271322
-0.14496980735854467
-0.12515341199991167
-0.1052869569451757
-0.08537838851146196
-0.06543566986070695
-0.04546677781447872
-0.025479699663333223
-0.005482429972054294
0.014517032618122469
0.03451068858880273
0.054490540744190956
0.07444859740981236
0.09437687562909747
0.1142674043564796
0.13411222764565714
0.15390340783192266
0.17363302870706648
0.19329319868581063
0.2128760539622818
0.23237376165548454
0.2517785229423006
0.271082576176935
0.29027819999549165
0.30935771640436777
0.3283134938514034
0.34713795027834665
0.36582355615362955
0.3843628374840268
0.4027483788042064
0.42097282614277115
0.4390288899637685
0.45690934808242717
0.47460704855389
0.4921149125339472
0.5094259371104293
0.5265331981043285
0.5434298528393351
0.5601091428788347
0.576564396729211
0.5927890325083126
0.608776560578165
0.6245205861406932
0.6400148117956006
0.6552530400592015
0.6702291758433747
0.6849372288934804
0.6993713161843982
0.7135256642736738
0.7273946116107837
0.7409726108017196
0.7542542308278333
0.7672341592182094
0.7799072041745461
0.7922682966478415
0.8043124923659141
0.8160349738110597
0.8274310521470063
0.838496169094357
0.8492258987538737
0.8596159493767461
0.8696621650812647
0.8793605275150915
0.8887071574625597
0.8976983163963169
0.9063304079726637
0.9145999794700689
0.9225037231701869
0.9300384776809252
0.9372012292009363
0.9439891127251193
0.9503994131905658
0.9564295665625571
0.9620771608601496
0.9673399371209206
0.972215790304539
0.9767027701347382
0.980799081879415
0.9845030870684854
0.9878133041492626
0.9907284090790484
0.9932472358547374
0.9953687769792054
0.9970921838642879
0.9984167671702102
0.9993419970813103
0.9998675035179604
0.9999930762845921
0.9997186651537733
0.9990443798862972
0.9979704901872812
0.9964974255982856
0.9946257753255064
0.9923562880040966
0.9896898713987267
0.9866275920404853
0.9831706748002867
0.979320502398937
0.9750786148540589
0.9704467088641155
0.9654266371297417
0.9600204076127015
0.9542301827327156
0.9480582785025382
0.9415071636015662
0.9345794583884147
0.9272779338528039
0.9196055105071901
0.9115652572186196
0.9031603899812002
0.8943942706297692
0.8852704054951812
0.875792444001843
0.8659641772079844
0.8557895362892741
0.8452725909664269
0.8344175478773402
0.8232287488945255
0.811710669388386
0.7998679164371598
0.7877052269841179
0.7752274659428786
0.762439624251495
0.7493468168761324
0.7359542807651817
0.722267372754513
0.7082915674248507
0.6940324549119751
0.6794957386707825
0.6646872331939387
0.6496128616861957
0.6342786536951729
0.6186907426996024
0.6028553636560576
0.5867788505050092
0.5704676336373782
0.55392823732242
0.5371672770981442
0.52019145712517
0.5030075675051333
0.48562248156477883
0.4680431531066723
0.4502766136278216
0.4323299695071216
0.4142103991629479
0.39592515018183416
0.3774815364195793
0.3588869350757833
0.3401487837430456
0.32127457743207405
0.3022718655737269
0.2831482489993948
0.26391137690071576
0.24456894377005475
0.22512868632275462
0.20559838040260117
0.1859858378715688
0.16629890348515894
0.14654545175465117
0.12673338379734783
0.10687062417628851
0.08696511773047426
0.06702482639708728
0.047057726026800965
0.027071803193524823
0.007075051999930937
-0.012924529120137255
-0.032918940600875045
-0.052900184944292945
-0.07286026991905242
-0.09279121175730869
-0.11268503834806168
-0.13253379242591554
-0.1523295347538997
-0.1720643472990087
-0.19173033639936585
-0.21131963592152664
-0.23082441040688334
-0.25023685820568814
-0.2695492145976645
-0.2887537548977434
-0.30784279754585514
-0.3268087071794712
-0.3456438976876001
-0.36434083524518446
-0.3828920413264772
-0.40129009569640506
-0.41952763937851756
-0.4375973775984995
-0.4554920827020023
-0.47320459704556483
-0.4907278358596259
-0.5080547900822875
-0.5251785291628959
-0.54209220383412
-0.5587890488516163
-0.575262385699993
-0.591505625264147
-0.6075122704648374
-0.6232759188573919
-0.6387902651926438
-0.6540491039389031
-0.6690463317641308
-0.6837759499771463
-0.6982320669270672
-0.712408900359854
-0.7263007797311506
-0.7399021484744409
-0.7532075662235671
-0.7662117109888422
-0.7789093812857372
-0.7912954982154422
-0.803365107496327
-0.815113381445601
-0.8265356209103343
-0.8376272571470276
-0.8483838536490804
-0.8588011079213037
-0.868874853200891
-0.8786010601240379
-0.8879758383376634
-0.8969954380554735
-0.9056562515578381
-0.9139548146348383
-0.9218878079718833
-0.929452058477416
-0.9366445405520839
-0.9434623772989609
-0.9499028416742465
-0.9559633575780672
-0.9616415008848646
-0.9669350004130217
-0.9718417388333104
-0.9763597535157811
-0.9804872373148035
-0.9842225392918875
-0.9875641653760482
-0.990510778961405
-0.9930612014418106
-0.9952144126822798
-0.996969551427024
-0.998325915643948
-0.9992829628054489
-0.999840310105423
-0.9999977346123812
-0.9997551733586199
-0.9991127233654061
-0.9980706416041719
-0.9966293448937268
-0.9947894097335388
-0.9925515720731387
-0.9899167270177547
-0.9868859284702762
-0.9834603887097145
-0.979641477906298
-0.975430723573431
-0.9708298099567059
-0.9658405773602211
-0.9604650214104968
-0.954705292258236
-0.9485636937183082
-0.942042682348238
-0.9351448664656301
-0.9278730051048704
-0.9202300069135413
-0.9122189289890194
-0.9038429756556557
-0.8951054971831119
-0.8860099884462727
-0.8765600875273671
-0.8667595742607592
-0.8566123687210871
-0.8461225296552763
-0.8352942528590829
-0.824131869498858
-0.812639844379108
-0.8008227741566638
-0.7886853855020475
-0.7762325332088995
-0.7634691982520928
-0.7504004857954386
-0.7370316231496774
-0.7233679576816088
-0.70941495467525
-0.6951781951457561
-0.6806633736071279
-0.6658762957944424
-0.6508228763416712
-0.6355091364158915
-0.619941201308882
-0.6041252979871271
-0.5880677526010682
-0.5717749879547736
-0.555253520936856
-0.5385099599138512
-0.5215510020869119
-0.5043834308130584
-0.4870141128919086
-0.4694499958190308
-0.4516981050070814
-0.43376554097568404
-0.41565947651136614
-0.39738715379848977
-0.37895588152252524
-0.3603730319466229
-0.3416460379628515
-0.3227823901191214
-0.3037896336230448
-0.2846753653240002
-0.2654472306744401
-0.2461129206718663
-0.22668016878247874
-0.20715674784794008
-0.18755046697632236
-0.16786916841854668
-0.14812072443163635
-0.12831303412986297
-0.10845402032526236
-0.0885516263585589
-0.0686138129219917
-0.04864855487508726
-0.02866383805487153
-0.008667656081620364
0.011331992838503346
0.031327109112575774
0.051309694960699495
0.07127175761495198
0.09120531251644301
0.11110238650897501
0.13095502102825587
0.1507552752851691
0.17049522944200476
0.19016698778031005
0.20976268185902228
0.2292744736617963
0.24869455873205093
0.2680151692947028
0.2872285773631248
0.306327097830258
0.3253030915425727
0.3441489683555804
0.3628571901698443
0.381420273946065
0.3998307946982496
0.4180813884635547
0.43616475524782494
0.45407366194544857
0.4718009452325225
0.489339514432105
0.5066823543503484
0.5238225280825324
0.5407531797876847
0.5574675374308741
0.5739589154918866
0.5902207176393918
0.6062464393693456
0.6220296706067243
0.6375640982694842
0.6528435087936721
0.667861790618812
0.6826129366324043
0.6970910465727332
0.7112903293888564
0.7252051055569636
0.7388298093521255
0.7521589910744745
0.7651873192290511
0.7779095826582932
0.790320692626466
0.8024156848550525
0.8141897215084345
0.8256380931289311
0.8367562205205333
0.8475396565805321
0.857984088078273
0.8680853373804215
0.8778393641219312
0.8872422668221643
0.8962902844454046
0.9049797979052475
0.9133073315121647
0.9212695543637428
0.9288632816770086
0.9360854760622794
0.9429332487381012
0.9494038606867011
0.9554947237495779
0.9612034016627146
0.9665276110310587
0.9714652222418552
0.9760142603164502
0.9801729057002702
0.9839394949906064
0.987312521601966
0.9902906363686753
0.9928726480845371
0.9950575239792905
0.9968443901317082
0.9982325318191552
0.9992213938034636
0.9998105805530253
0.9999998564009956
0.9997891456395592
0.9991785325502114
0.998168261370046
0.9967587361940652
0.9949505208135465
0.9927443384905319
0.9901410716685366
0.9871417616195779
0.9837476080276871
0.9799599685090439
0.9757803580689556
0.9712104484958726
0.9662520676926896
0.9609071989456205
0.9551779801308964
0.9490667028596586
0.9425758115613286
0.9357079025058865
0.9284657227653786
0.9208521691151423
0.912870286875128
0.9045232686918022
0.8958144532611522
0.8867473239932281
0.87732550761885
0.8675527727389384
0.8574330283171508
0.8469703221163207
0.8361688390794311
0.8250328996556827
0.8135669580723601
0.8017756005532275
0.7896635434840682
0.7772356315262265
0.7644968356787734
0.751452251290204
0.7381070960203528
0.7244667077533856
0.7105365424627492
0.696322172028817
0.6818292820102502
0.6670636693698099
0.6520312401556908
0.6367380071391379
0.6211900874094561
0.6053936999272403
0.5893551630368563
0.5730808919392274
0.5565773961257936
0.5398512767748485
0.5229092241111084
0.50575801472976
0.4884045088858639
0.4708556477503867
0.4531184506338072
0.4352000121784666
0.41710749952085047
0.39884814942477875
0.38042926538684807
0.3618582147150787
0.34314242558213504
0.3242893840541366
0.30530663109631057
0.2862017595567536
0.2669824111293397
0.24765627329719891
0.22823107625777203
0.20871458983088936
0.18911462035089152
0.16943900754424793
0.14969562139375028
0.12989235899060314
0.1100371413757418
0.09013791037146546
0.07020262540487038
0.05023926032412878
0.03025580020911251
0.010260238177410782
-0.00973942781276056
-0.029735198161657
-0.049719074827759904
-0.06968306452683676
-0.08961918192920512
-0.10951945285370121
-0.12937591745730279
-0.14918063341891066
-0.16892567911619252
-0.1886031567941473
-0.20820519572405266
-0.2277239553517076
-0.24715162843349386
-0.2664804441592247
-0.2857026712603103
-0.3048106211022167
-0.3237966507597696
-0.342653166074243
-0.36137262469094134
-0.3799475390759941
-0.3983704795113227
-0.41663407706637584
-0.4347310265456558
-0.45265408941064755
-0.4703960966751888
-0.4879499517729242
-0.5053086333958569
-0.5224651983027959
-0.5394127840965176
-0.5561446119686813
-0.572653989411214
-0.588934312893273
-0.6049790705025274
-0.6207818445498552
-0.6363363141363494
-0.6516362576815548
-0.6666755554120605
-0.681448191809285
-0.6959482580156457
-0.7101699541979816
-0.7241075918674496
-0.7377555961548098
-0.7511085080403134
-0.7641609865372521
-0.7769078108282487
-0.7893438823535511
-0.8014642268503526
-0.8132639963424653
-0.8247384710794123
-0.835883061424298
-0.8466933096895727
-0.8571648919200614
-0.8672936196224986
-0.877075441440844
-0.8865064447767999
-0.8955828573547701
-0.904301048730747
-0.9126575317444181
-0.9206489639139934
-0.9282721487731618
-0.9355240371496152
-0.9424017283846988
-0.948902471493615
-0.9550236662658003
-0.9607628643049563
-0.9661177700083929
-0.9710862414852247
-0.9756662914131046
-0.9798560878331312
-0.9836539548825969
-0.987058373465322
-0.9900679818592626
-0.992681576261191
-0.9948981112681919
-0.9967167002958177
-0.9981366159327038
-0.999157290231527
-0.9997783149361776
-0.9999994416450534
-0.9998205819104193
-0.9992418072737845
-0.9982633492372864
-0.9968855991710939
-0.9951091081568642
-0.9929345867673156
-0.9903629047820123
-0.9873950908394578
-0.984032332025661
-0.9802759733993089
-0.9761275174537706
-0.9715886235161092
-0.9666611070833835
-0.9613469390964692
-0.9556482451517027
-0.9495673046506843
-0.9431065498885319
-0.936268565081013
-0.9290560853308735
-0.9214719955338536
-0.913519329224747
-0.9052012673640456
-0.8965211370655909
-0.8874824102657627
-0.8780887023347724
-0.8683437706305381
-0.8582515129958178
-0.8478159661990964
-0.8370413043199574
-0.8259318370794962
-0.814492008116477
-0.802726393209964
-0.7906396984490385
-0.7782367583504599
-0.7655225339248884
-0.7525021106925827
-0.7391806966492228
-0.7255636201828145
-0.7116563279423905
-0.6974643826594091
-0.6829934609227701
-0.668249350908215
-0.6532379500631744
-0.6379652627478264
-0.6224373978334747
-0.6066605662590389
-0.5906410785467989
-0.5743853422782554
-0.5578998595311639
-0.5411912242788316
-0.5242661197525684
-0.5071313157685321
-0.48979366601984287
-0.4722601053352408
-0.45453764690522835
-0.4366333794768687
-0.41855446451842543
-0.40030813335482013
-0.38190168427525006
-0.36334247961391786
-0.3446379428052485
-0.32579555541456173
-0.3068228541455919
-0.28772742782588745
-0.2685169143713604
-0.24919899773126938
-0.22978140481468803
-0.21027190239989896
-0.19067829402773093
-0.17100841688030216
-0.1512701386461961
-0.13147135437353982
-0.1116199833120692
-0.09172396574551328
-0.07179125981563614
-0.051829838339029696
-0.03184768561815004
-0.011852794247646164
0.008146838082521621
0.028143211786072354
0.04812832858015358
0.06809419468449814
0.08803282401888649
0.10793624139741553
0.12779648571852337
0.14760561314926718
0.16735570030280691
0.1870388474076051
0.2066471814672513
0.2261728594095766
0.24560807122372905
0.26494504308412953
0.28417604045984296
0.3032933712083426
0.3222893886522099
0.34115649463775755
0.3598871425741427
0.37847384045192284
0.3969091538397793
0.41518570885814493
0.4332961951287093
0.45123336869842146
0.4689900549370253
0.4865591514067716
0.5039336307033178
0.5211065432666143
0.5380710201605928
0.5548202758206976
0.5713476107679732
0.5876464142888141
0.6037101670791148
0.6195324438519512
0.6351069159075691
0.6504273536647978
0.665487629152815
0.6802817184622159
0.6948037041545392
0.7090477776291213
0.7230082414465012
0.736679511607279
0.7500561197856811
0.7631327155167837
0.7759040683366424
0.7883650698744205
0.8005107358956386
0.8123362082958369
0.8238367570437177
0.8350077820731288
0.845844815122999
0.8563435215245969
0.86649970193535
0.8763092940185007
0.8857683740680156
0.8948731585779874
0.9036200057560144
0.9120054169798419
0.9200260381967906
0.9276786612653082
0.9349602252382087
0.9418678175869788
0.9483986753667843
0.9545501863215905
0.9603198899290382
0.9657054783846047
0.9707047975247188
0.9753158476883845
0.9795367845170094
0.983365919692144
0.9868017216107728
0.9898428159979402
0.9924879864564345
0.9947361749533432
0.9965864822432429
0.9980381682278888
0.9990906522522407
0.9997435133367231
0.9999964903456066
0.9998494820914605
0.9993025473756267
0.9983559049646992
0.9970099335030193
0.9952651713612277
0.9931223164209173
0.9905822257954909
0.9876459154873352
0.9843145599814211
0.980589491775534
0.9764722008472858
0.9719643340581575
0.9670676944947577
0.9617842407476204
0.9561160861278065
0.9500654978215862
0.9436348959836086
0.9368268527688635
0.9296440913038739
0.9220894845974522
0.9141660543915542
0.9058769699526118
0.8972255468038929
0.8882152453993004
0.8788496697392535
0.869132565929157
0.8590678206809687
0.8486594597585929
0.8379116463676147
0.8268286794901034
0.8154149921650317
0.8036751497151405
0.7916138479208974
0.7792359111421967
0.7665462903887128
0.7535500613395452
0.7402524223130511
0.7266586921875327
0.7127743082737827
0.6986048241402639
0.6841559073916958
0.6694333374021284
0.6544430030032483
0.6391909001289678
0.6236831294170677
0.6079258937690649
0.5919254958691137
0.575688335663061
0.5592209077984852
0.5425297990269575
0.5256216855694652
0.5085033304459408
0.49118158077019214
0.4736633650111234
0.45595569022148996
0.43806563923509617
0.4200003678337928
0.401767101885299
0.38337313445287446
0.36482582287824245
0.34613258583872525
0.32730090037992554
0.3083382989249277
0.28925236626146883
0.2700507365081657
0.25074109006088785
0.23133115052075567
0.21182868160477553
0.1922414840405121
0.17257739244581813
0.15284427219514704
0.13305001627348031
0.11320254211929483
0.09330978845760873
0.07337971212463937
0.053420284885217426
0.033439490244102366
0.013445320252743602
-0.006554227687461924
-0.026551154023966794
-0.046537460252872746
-0.06650515211818293
-0.0864462428093552
-0.10635275615600495
-0.12621672981821014
-0.14603021847136943
-0.16578529698416972
-0.1854740635886175
-0.20508864304059835
-0.22462118976982778
-0.2440638910180586
-0.263408969964024
-0.28264868883409033
-0.30177535199720823
-0.32078130904314506
-0.3396589578424917
-0.35840074758744045
-0.3769991818119538
-0.3954468213903312
-0.4137362875127194
-0.43186026463649985
-0.4498115034124858
-0.46758282358451364
-0.4851671168614747
-0.5025573497604873
-0.5197465664202711
-0.5367278913833606
-0.5534945323461613
-0.5700397828758523
-0.5863570250928222
-0.6024397323177557
-0.6182814716821734
-0.6338759067015614
-0.6492167998098457
-0.6642980148543038
-0.6791135195500091
-0.6936573878926205
-0.7079238025287271
-0.7219070570826701
-0.7356015584390794
-0.749001828980003
-0.7621025087759019
-0.7748983577295125
-0.7873842576718717
-0.7995552144094876
-0.8114063597219252
-0.8229329533090813
-0.834130384687207
-0.8449941750330557
-0.8555199789753223
-0.8657035863327798
-0.8755409237982718
-0.8850280565679609
-0.8941611899152396
-0.9029366707085427
-0.9113509888725634
-0.9194007787922136
-0.9270828206588607
-0.934394041758189
-0.9413315176992298
-0.9478924735841108
-0.9540742851179559
-0.959874479658579
-0.9652907372054902
-0.9703208913278909
-0.9749629300312
-0.9792149965618321
-0.9830753901498623
-0.9865425666893299
-0.9896151393558494
-0.992291879161317
-0.9945717154455022
-0.9964537363042888
-0.9979371889544274
-0.999021480034635
-0.9997061758429376
-0.9999910025101413
-0.9998758461093763
-0.9993607527016679
-0.9984459283175113
-0.9971317388744618
-0.995418710030776
-0.9933075269751506
-0.990799034152657
-0.9878942349269819
-0.9845942911790836
-0.9809005228424628
-0.9768144073752012
-0.972337579169011
-0.9674718288954816
-0.9622191027898465
-0.9565815018725083
-0.9505612811086752
-0.9441608485063803
-0.9373827641533214
-0.9302297391928762
-0.9227046347396519
-0.9148104607350963
-0.9065503747435509
