-0.07241887221219658
-0.11482495677770324
-0.6978140778475668
-0.2218361514945086
-0.3015389743194472
0.13497277794438645
0.1534638435859361
0.34716652581861207
0.11033285943978177
-0.015857164634588312
-0.20512819979246044
0.22913929642101413
0.30759255248759426
0.24266847288486307
-0.2053870270169585
0.7149738187640102
-0.3540483249408535
0.005920767514410156
-0.3422191169050647
-0.03344438806740529
0.6854059647851136
0.15626487409916223
-0.0688194642566016
-0.3639280898214334
0.332686626319019
0.20403078382165757
-0.4521407089241476
0.2550720496349361
0.11323451785099821
-0.5086541864128223
0.15197065325611528
-0.09681574231583104
-0.5102695384318098
0.005878203407488189
-0.6810149743515139
0.17892336915142878
-0.10108755032844124
-0.02742503411708554
-0.25354295093786033
0.11160128631223128
0.9601902687796395
0.10771792205990126
0.850910552609893
0.26575332576511707
-0.249965880881725
-0.5199272963208184
-0.07048932555656694
-0.05979077530342868
-0.49006094272158496
1.0789416881781766
0.31682232381656794
-0.24321514713557232
-0.3849014850915206
-0.2387942821717144
0.5614945526173053
0.47563844752644935
-0.31008844960600945
0.2938810738368443
-0.5097842970766254
-0.9190423288835753
-0.4204996107479401
-0.07495025413610185
0.1217179922041784
0.2556006146555437
0.016736956208995634
0.24390770554464117
-0.0855241276757363
-0.23021777928525347
0.4917490505481154
0.28421242634579913
0.2497259537208728
0.020661271693924267
-0.22791080519579188
-0.07888752381713604
-0.008722105876419885
-0.5637853752547136
0.19727297953652723
-0.349953190588556
-0.032313146722696084
0.04544677106601195
-0.1580958348938412
0.33752490125337853
0.19455270115853204
-0.48086531559996254
0.009964833806490374
-0.06537355919502436
-0.00047083033284681846
-0.2553060201314524
0.17962434364912752
-0.16083837639747944
0.04404151028802675
0.24072519190779282
0.11304545382986819
-0.34348962351222895
-0.6475119645310905
0.5152616489578512
-0.3247399387418078
-0.22486774045763888
0.166082261187867
0.8515980719981293
-0.019250929189350133
0.8180490060993654
-1.044998100000081
-0.06641733137730442
0.2634971679425088
0.7219006558046263
-0.1974455954014289
0.34282343561748885
0.031794451515567965
0.33988387294473316
-0.1757948612648936
-0.06858789604790448
-0.1878516018722928
-0.19284922609133093
0.5213427079304566
-0.20183765961608371
-0.13110198496407977
-0.8026293361285642
-0.04565097598960331
0.03101035312118986
0.23005991501584516
0.6159189653314296
0.08260401843470636
0.49896220325572477
-0.023643557024887442
0.5813639039246382
-0.07454635019877917
-0.091551933577103
-0.37942472843715946
0.2150276481433333
-0.041481249354305645
0.20621875658157723
-0.052077548278008326
0.24818815250387108
-0.07023437166012894
-0.044460920714247586
0.06529942784546396
0.06425748124643252
-0.5234293416531676
-0.2968639544907243
-0.5685464137676141
0.4046377471257044
0.5105900531503791
0.2726359223798809
-0.05837576630405435
0.11478161932543712
0.9979192054251803
-0.08609176004405739
0.2173029541948954
-0.6526562973942611
0.24966659020613552
0.046017547165315774
0.1696615513144527
-0.28306874260905646
-0.709411687299585
0.47668485116249554
0.08936552344637791
-0.140809737387241
-0.2861042048201824
0.24952371026728845
0.23364813487445116
0.07505300928487015
0.8336255408222141
-0.6022551542217385
0.013404485087971896
-0.16087858338139777
0.2776559049327365
-0.2668952848529495
-0.06536265662126668
0.13652314551988082
0.19188835663959808
0.42308313849262275
-0.5216027223453262
-0.535555280343316
-0.5255870610336287
0.5629597284321971
0.4322410712847366
0.11310524406359777
-0.30140826095447637
-0.2352035459382579
-0.14752974984692444
-0.18584458099649204
0.7119391482702012
1.0920752656984978
0.2866140687009655
0.21428927660338049
0.21852051661362346
0.0912461890472909
0.4118405420114833
0.8972542713593997
0.5452999726335223
0.17597529549690438
-0.578815963618759
0.48321816977842424
0.05826015109562247
0.21286829947173413
0.46675660432693783
0.15280962535453638
-0.06463106578016152
-0.39145979225042377
-0.40772498744353974
0.5429084378651404
0.4875435675190585
0.024396578732155356
0.05403843317885585
0.6074485143075282
0.1970879952742459
-0.13561379379304717
-0.40245238222474344
0.4924935651406801
-0.05721330352413542
-0.6458933031994593
0.1715347326339199
-0.2629261458896485
0.06852324608777605
0.8100034811196398
-0.5259159377967967
-0.08003126868807044
0.08665406406549428
-0.1851099440197545
0.06844896428055343
0.41489710490354687
-0.2893116662952789
0.1325304160554266
-0.26152402744889397
0.0033266625527417003
0.071152578008411
0.7195574300945187
-0.2547488489693916
-0.6225837889066391
0.5427076630129662
0.09646488567092061
-0.301652425576696
-0.6628398660184756
0.45821241171269866
-0.5212415023606091
-0.35744984475777913
0.26384739224460957
0.6734745840721315
0.16962108012338015
0.03768488425896461
0.08376118297188796
0.470422204635098
0.3450751671365808
0.2210056759114207
0.3336102570244312
0.23904151123210152
0.19081200184904112
-0.11988674000453292
-0.4064768333178421
-0.2986322136969238
-0.41631647522935983
-0.8483072847789936
-0.06803218811239616
-0.10637320103932082
-0.16750338554999158
0.014265395821825292
0.4777891736146536
0.32190916840347117
-0.5690592259157504
-0.3117691431602445
-0.3493778539202031
0.3905892333158265
-0.5557992754000174
-0.23165649997598237
0.20184132723584441
0.23963203043811665
-0.3493776325334854
-0.3087493037938726
0.36124526192502954
-0.3791691309547787
0.08503215755876833
-0.1567562197228037
-0.12266620317275033
0.40047555140512503
-1.2271012973002617
-0.21285654856218678
0.18025678279727234
0.6216785093649175
0.19140481730612563
-0.04535137152986629
-0.2637242467973685
0.42065820269885795
-0.6832654617984761
0.07119512835232729
0.08472176750732262
-0.05190535773618713
-0.2663770636479999
-0.27798245577101033
-0.7294544643531904
0.31876687667049997
0.1526078194200969
-0.18680383973910597
-0.33881071932025475
0.6336841463831829
-0.5369954877957714
-0.3384393464996065
-0.14956635373983326
0.028994789459074584
-0.23835690255894676
0.44998601911390423
-0.34775581352890417
-0.24808660669999943
0.030124423407269126
-0.5586904648502297
-0.6038982935962893
-0.707546628998406
-0.611238975689067
-0.3723610397136285
0.24519200565932173
0.2360183625075264
0.267607736960352
0.09075417872849467
-0.005767394744517789
-0.06543231655664954
0.5866162999461032
0.41618419107223553
-0.3685763367339654
-0.07352491306784953
-0.045518041567955934
0.42117510690244936
0.34690807437936244
-0.5824981601925995
0.4544474947443991
-0.19855498147948678
0.28366259591676435
-0.009023982475362274
-0.12144330243169954
0.11093683103921195
-0.8022566814927222
-0.07440790140038142
0.3378855954096937
-0.05840676352892404
0.5338023862521702
0.9166660583567741
0.5654212785047739
-0.10408933367903286
-0.3456115244702669
0.02414572685684055
0.21318612826369324
-0.6365098937089417
0.06174875976284491
0.12440527618331583
-0.4086420076694812
0.24987104702020757
0.7045797747133835
0.4316410459638905
-0.25040692314198293
-0.2904566989632289
-0.3274928941056796
0.8363239306708034
-0.012421542221463732
0.11040431112270697
-0.15844027988251186
0.25624303062487597
0.2646848940968601
0.059563996640102805
0.15603147851304036
0.2757579175093924
-0.18193485725675915
-0.13010785522582402
0.43583057327693064
-0.5560612185588083
-0.3979439702958612
1.058215906567259
0.22741836303293878
-0.14136240741634634
-0.2051262437166128
0.18601399012427097
-0.024845096145006976
0.2820094996657029
-0.1138616436291454
0.058344780072027896
0.13133059514252385
0.14989236636463704
-0.07824529898856758
0.011857257323503505
-0.2942988047005878
0.5831739164655126
0.08848429026680765
-0.16391733412917692
-0.46414539319967246
0.14640874439855042
-0.18566614345625895
1.1634830749087202
-0.007828298841092554
0.7298888325498212
0.2572971326704683
0.4420117362725443
0.3947191291800205
-0.16316361070077212
-0.8215900845300989
-0.7180460143787343
-0.22255290980173778
0.23155732081145583
-0.017419943621151523
0.32633418295857763
-0.5428632278002153
0.11452742980563489
0.19368737269066616
-0.22875886053781969
0.12000599600130231
-0.35355531801407264
0.05630716183441495
-0.787793809698737
0.13225395582957833
-0.00790482550052964
0.5444135158098699
-0.21834011158499256
0.9311013939421781
0.4577810668071709
0.6266743278838018
-0.3238088974948412
0.3783326722683135
-0.25887857672333897
-0.11353087622799432
-0.2616194801929671
0.13250458469875206
-0.2441171427700074
0.4663021761021357
-0.709798814230531
0.23768202210334388
0.19932636371348542
-0.8894513203795266
0.31301347143936437
0.27839022092224547
-0.3225955536657295
-0.08633385637812695
-0.2903316706984756
-0.07149053810056387
-0.4134200371303057
0.21813742198681896
0.12770189909672677
0.6164259362345796
0.024437932600157454
-0.15402902073702013
-0.41963001434322234
-1.1794351786217614
-0.437248759186299
0.09986928000187784
-0.011038965953282768
0.16678150065628844
-0.3402094940673687
0.5464142384595725
-0.354130006678831
-0.12141260938093801
0.05174366402485712
0.0036184705949986597
-0.21412105542092652
0.03075249276454478
0.13516121019178182
-0.690830432276093
0.14718029912211217
-0.3414357058609371
-0.19795336922960327
0.20822004822317572
-0.20122674572889704
-0.0439206266573544
-0.08363728408791397
-0.5804225298936676
-0.3013802401421384
-0.2971405994477634
0.18973914496154665
0.38318306193922347
0.17080150780375533
-0.3184439537700116
0.2769248714008687
0.05369947709207708
-0.16153118745987985
-0.10960281409540705
-0.16219823411527612
0.07566368769336225
0.4246386089358876
0.5009855326540893
-0.2928491435686264
-0.2060523819169412
-0.1739787479468715
0.4875555995786489
-0.564892836182074
-0.25213280136693367
0.4605332813552857
0.7431994262200455
0.35206195272645635
-0.2131735857086291
0.7667478654312836
0.13878080912737803
1.0814070571765788
-0.06568259324200323
0.2537202118033646
0.1477702197170242
-0.176497726801629
-0.4166012455303637
0.2260278148950079
0.01135368067644673
-0.4932762130584265
0.06875740298763393
0.7664453457857201
-0.28272625669846313
0.21208393083271138
-0.5441221298336728
0.3753197661067589
-0.2967658472302863
-0.21515714220664145
-0.12788494609883538
0.0769234195081641
-0.40175827755372995
0.13227121750713242
0.41232427954765893
-0.2017541134030778
-0.019732068950395764
0.2125470451255779
0.6863172250289841
-0.12231725442162217
0.9153017347813179
0.1943308745924395
0.5929865759838607
0.6028363488310643
-0.3946461483118893
0.38530528601339864
0.006324309947013543
-0.29393379738355924
0.2968431310256937
-0.09208797225325875
0.17894103801239464
-0.29174747852849886
0.8335661309890855
0.012355275992619472
0.23453615414242104
1.0117332105265906
-0.8541155434535036
-0.07925812788967443
0.3844705399546044
-0.0676041258056709
0.3857947143178095
-0.6721062045667258
0.22974545167778754
-0.1998328329740737
-0.5498786392900665
-0.518832832133327
0.6268394897575168
-0.22272780281326723
-0.2851625638142024
0.5350827061874633
0.10248176777966561
0.6196753757347387
0.15314508402412969
0.14774375142551596
0.29200793048115936
0.4170796636809301
0.460182683281904
-0.6160509468369082
0.5269388342424117
-0.6065376678024371
-0.33615615844496866
-0.27389533954716166
0.5397446774377561
-0.5876116290998387
0.22424376434953688
-0.5363026329845654
0.5786570736127653
-0.45151493302175494
-0.1263659510263114
-0.6921373466171596
0.22305193980634225
0.7706431811354029
-0.04033180148539144
-0.46191460198961504
-0.2730562993094605
-0.014773221914034943
-0.38452459279714035
-0.559929547644739
-0.2864891908646992
-0.03686061573528664
-0.5484654735470649
0.10775418784588507
0.9471616986581204
0.15439359824576976
-0.3898700607466149
-0.5294728101250369
0.23139575671687063
0.26098259028358023
0.1464605428541083
0.45160541531018455
-0.06190183477099556
0.522935448366742
0.05885631137995845
0.3715028393030986
-0.9850680122116572
-0.5513365290173139
-0.2849713205798918
0.9130199576371985
-0.09526918558858795
-0.22369158360124264
-0.07829383034741427
-0.3138291236681771
0.8036650500972513
-0.41705553222781555
0.34794094906769
-0.15532979955264983
0.5126394860230693
-0.6121259510820802
-0.12274817925885742
-0.827328653418163
0.08885872360629406
0.9792861711470545
0.25703569124672826
0.7100746003757423
0.2809211992917495
-0.13823890779583148
0.12099043393457982
0.33712132842426706
0.22902810883014169
-0.47094398290139194
-0.4482797841840803
0.04897480272113082
-0.9100193691382992
0.47690723367953947
-0.2117213076874983
-0.3306012869710271
-0.17277785461833567
0.47200512088469104
-0.2493170263375678
-0.60727106070814
0.33809456798618903
0.8606374498369602
0.30150808224717035
-0.3625527116388432
0.5390928052907752
0.8724570743140054
-0.11312488483709549
-0.15242310495970635
0.04351308856105541
-0.011882575513620352
-0.22583786077029694
-0.15223548148704372
0.1832843832450913
0.2794952730014047
0.1496854278958903
1.1378269791925342
0.1525128510333835
-0.21614848391592442
-0.14084333440975147
0.04688471210638501
0.08330988517802718
0.09186606280690543
0.48955066288521487
0.07204529280438667
0.12491953797444273
0.1406951410564745
0.21694297791694472
-0.1659259022034406
-0.11316421163876343
-0.7145086578749082
0.3112499979515082
-0.11464368196484918
0.169170618237357
0.13518040857205918
0.7994045814595114
-0.5570766827082757
0.06302499134453467
-0.04354243789531806
0.15634330531072882
-0.7535350335663915
0.09867327735909606
-0.1683430496744357
0.3290915487604486
-0.3775476147618455
-0.2164268130172002
0.32838344366735295
0.7192801245348348
0.3874141088387667
0.09204678990895585
0.6109916573169082
-0.18847395024566255
-0.1541635230594132
-0.24408196884325278
0.9890060918144737
-0.36328554485700365
-0.2799706898375005
-0.33406739590108864
0.223327512371557
-0.39462078007851353
0.4020269831043873
0.3014352806487109
0.7263154188179575
0.3756691860663697
-0.5820918859239924
-0.08620988474606457
-0.01392273484007977
0.6611979383989118
-0.35748380894129933
-0.46364461938406754
-0.011954226053642589
0.22431960306269205
-0.06250371136465518
0.08747176667241835
-0.11215419706110757
0.46105893877800663
0.19804324374102142
-0.21222454865742565
-0.3540014299707586
0.2504357961083779
0.06853807852693201
-0.3925102330885753
-0.054389290132542414
-0.49791469193961285
0.07709252654896893
-0.20155936069877
-0.4026715052142069
-0.1309937469598308
-0.1535631876763338
-0.4957661285706834
0.39771414676199085
-0.0446390427234957
0.07161140008910623
-0.3790973173827968
0.193450967742762
0.43292196169755165
0.2179757969444844
0.6257017725052735
-0.05111268889284244
-0.2570845365098709
-0.05140279508786472
-0.05537285249345917
-0.3105017604472675
0.032837735967995545
-0.04534488718577022
0.2946128565019076
-0.3609080857851053
-0.22749132304792666
-0.3688006443942184
-0.1579200831286839
0.002458245182643751
0.20172248353464825
-0.04150396791115796
-0.1284211523928421
0.08457086394478493
-0.18415025391959608
0.508756765148055
-0.49921334535427975
0.2544503539425748
-0.6843803463031822
-0.2996557494661262
0.23087708732259055
-0.16549959599954775
0.025523325740325634
0.8466644451934991
0.06238861669697478
0.4040041641217042
-0.526668765014615
-0.7080546284785414
0.5720947237366539
-0.4107025171681194
-0.18537401457831812
-0.01265374430398733
0.13303449385680077
0.07334019514402111
0.6923174203728628
-0.28537863190883606
0.4066873493079941
-0.10332550812617976
0.4105977289527892
-0.09364917437919819
-0.24723455573583913
0.06199942440235767
-0.20838116246891564
-0.038646803241173866
-0.13265038077039398
0.4726410977737048
0.3142808417444215
-0.43735841585018875
-0.05892804394177758
-0.5904219180930861
-0.5684185809318685
-0.2916725636136735
0.5959586773165232
-0.09902669028848952
-0.7495663979776097
-0.005292137755921334
-0.12287713904714233
0.12917757764447665
0.0017663521668965566
0.2906883174182489
-1.0052776752820651
0.4336231633385017
0.42099444242677325
0.004141762878887118
-0.5541446463798837
0.5542750177843051
-0.05913135188120269
-0.25971124670309154
0.3945391380153393
-0.05337574369697182
0.21403794509882965
-0.45049474844505966
-0.11563356129545715
0.1897853491001971
-0.1771768803698013
-0.025347847816461756
-0.5889833523717999
-0.09117436188990166
0.4552251958459607
0.267587060018642
0.4209408073644385
-0.05423261409840574
0.24280265303922746
0.4712654914228731
0.3819291203457058
0.025138168752765862
-0.3330438635442156
0.48265911869077255
-0.032905384499212355
-0.1124015939617402
0.2052354627311365
-0.2161815385984273
-0.13549884282066396
-0.2110404391206093
-0.3265392731656014
0.021885757039087517
-0.22195275808133266
0.14648503429257506
-0.0074390626551813985
-0.5127854897445322
0.2810123385494027
-0.39487280467651437
0.07096137513553503
0.1378432188016793
-0.43684220340893626
-0.8731071895051774
0.4312087881804564
-0.39737722743474824
0.30336417924985837
0.43183100966495314
0.2745425917693774
0.3932150440969283
-0.4224839245292832
0.14357272889920422
-0.2259086571434582
0.4121384924031012
-0.0327478410042383
0.17725617339393573
-0.5396414898174119
-0.26112999729362296
-0.6377019937190537
-0.050832548197491195
0.29882155930083804
1.236961821636339
0.12092676288651734
0.05419578595821485
0.7296250267993107
-0.23400933045868247
0.5359183877260546
0.06867161274163236
-0.1908730148253007
-0.1363006780351322
0.323195368044602
-0.14551839858222118
-0.25256394480687844
0.19477850905715882
0.026295169020969362
-0.26079551689468233
0.3018883407717628
0.7989352514434354
-0.5548149135870298
0.3551347055155776
0.1967897097789579
-0.3642278869903768
0.42247945538122667
-0.3833778886131647
0.19543060466808598
0.3683032642376529
-0.09424438188085271
-0.08083960660824722
0.45413268498804693
0.8599967054989097
0.39123979418471255
-0.4592832748423279
0.6275068826270289
-0.30108229935579867
0.31172689844450624
-0.16236589881918978
0.17703631857566102
-0.22616174212800597
-0.8738548003573918
-0.2605509010477052
0.31000586496028104
0.08399248370548355
-0.41044562257088785
-0.2706186679518275
-0.22045593634221455
-0.4633913395465659
-0.11372010190575638
-0.12459719102115396
0.6776617282767146
0.22443648157575724
-0.19870845521521824
-0.098292375685327
0.04341747015346014
0.26916713027441325
0.15592260304557565
-0.17266790587545958
0.10715364003131872
-0.6792076524931714
0.004887717585308114
-0.19699629703955712
-0.6802912744617547
-0.17042726386965767
-0.1943363127946668
0.5860333069212483
-1.0225018785296922
0.6215938524577734
0.26637421240064
-0.484175865909052
-0.26824917942064525
0.4903488526299213
0.208396252556226
0.14824858793166112
0.28080954784579315
0.029110662358891246
0.6815058272184952
-0.31348864687014116
-0.3225219925690516
0.9050954939782345
0.17198592515838823
0.38647178408992366
-0.30178821686118823
-0.32157180073122016
-0.0070545921281202455
-0.346392124042803
0.5392200471703089
0.24409913464418842
-0.11627959161121126
-0.12410188248041486
-0.1202013590646113
0.2590421348381791
-0.8015223100163565
0.1064154845724016
0.5271812149070593
0.08473068933206895
-0.5532632366666077
0.028289124270015866
-0.13899627170843962
-0.30330276909192094
0.34915946455187935
-0.11562373750793833
0.038190203517002995
0.11392964851240672
0.2057677337954934
-0.175871412538953
0.15825691153422464
0.22778839750498744
-0.11146582451641365
0.11412134891380257
0.27259033081737366
0.401924942282344
-0.237111512950948
0.7806538705355193
0.19177362805124387
-0.3590011268087538
-0.012970751473741694
-0.6040475294594307
-0.27696544142414353
-0.5043796265472615
0.1467689854565469
0.11457939874522474
0.06453745223313806
0.24781168045452967
-0.154717984334419
-0.10980119867789336
-1.0635805563665952
0.001576864119522136
0.8584411417152739
-1.091052399142536
-0.667246360675442
0.25507821782710177
-0.30711188419045765
0.09420088265816237
-0.2361831828097891
-0.23864761698393686
0.31517945892017857
0.33700685179318324
-0.8186255757195285
0.18638886324138496
-0.5213617567520824
0.36525617189082005
0.11536143345882262
0.3290958980310108
-0.8982375387586267
-0.15473966911870807
0.06666304461526182
0.012797253506352864
-0.32093162429125466
0.30398935701130303
0.16352131470059422
-0.055883598997089404
-0.1341461240844612
0.5204815827839719
0.6605423952233891
-0.20471228187528823
0.934320030568294
0.3603004682478134
0.4981857534719941
0.5747477108015955
-0.2445274452506034
-0.5150123396011822
-0.9417946108969564
-0.1251244789400366
-0.1260522109046228
0.5607743601761932
-0.5781691265601768
-0.12409577357008844
-0.15479066026286875
0.8124194586412508
-0.2361075680918249
0.35743708200555324
-0.3774560459055057
0.18272107386925315
0.5482018400304637
-0.18820375439542816
0.4998081381175652
-0.15214879180228974
-0.6590101684296439
-0.12539575776614295
-0.09454508407451671
-0.2702698647728576
-0.12077716321339492
-0.04998998224165793
0.5171111312328738
0.10213556243249161
-0.02493743645050457
-0.07254472016747014
0.19586451010723224
0.3754015832920594
-0.1820774225216977
-0.32195114113271306
-0.6798419609853417
-0.7247794451241768
-0.3193570063935025
-0.12053205825629353
-0.2918329001042916
0.0885600741191866
-0.29719111828906825
-0.2182681602766449
-0.32069897188465846
-0.11486575008383271
-0.3174629317531709
0.4889758149365955
-0.8987668274354598
-0.20364173101688243
0.13332008305858262
0.7268499785977605
0.17871900845616118
0.18549116396409462
-0.369698003920074
0.4639047372244905
0.14904637534159101
-0.08960350814233498
-1.224164984014667
0.12073233082160839
0.29552199609701046
0.14419962016275364
-0.7131020537912924
0.009711108645390742
-0.2221649871208253
-0.1072405745249508
-0.6782017360363696
0.1508843500534617
0.39609623242501624
-0.27710472778724643
0.1598286317623644
-0.630285787623125
0.46044711056347654
-0.9193869600981899
0.3958042687668385
-0.009789340682134433
-0.3760435782273781
-0.31432194251801215
0.06630665497159573
-0.662730491179838
-0.10907898141539273
0.5948361424939019
0.172226311538723
0.35101669835932553
0.14031243287830744
-0.39912577296296825
-0.2910993296844098
0.061787560140856235
-0.366566217509293
0.6336310820794017
0.0757735281559419
-0.1403855392081705
0.4875210045496634
-0.1518885218296885
-0.5342481787280713
-0.7111054808657742
0.4812140278146667
0.2951727407070191
0.06147938896539626
0.4275689569513073
-0.3714445277639042
-0.06264917538862706
0.019514459762952782
-0.7991114587048492
-0.4748098442776093
-0.09667819344074992
-0.2600144919302922
-0.4956688751243866
-0.07606362819083456
0.35335897153483087
-0.24009287524240375
0.17287169810492276
-0.198783339537234
-0.046501428558067194
0.30313804646038445
0.23278790343119693
-0.025350239801318532
-0.04859342713072298
-0.2924714644323908
-0.49247626491911545
0.08033606039223001
0.1558278511074388
0.08866080315365465
-0.15520182090927906
-0.7257280899695117
0.3521710927920642
0.6048986208819478
0.03686616148204495
0.08443027096518689
0.3431300867711935
0.1261185410320252
0.10606581100189372
-0.3385000799672704
-1.0025330821742293
0.4860019883882952
-0.07049148992607016
-0.23336745407228407
-0.1465963141556029
0.23392172513651155
-0.5939410979979893
0.08908661927712369
-0.17252706680988625
-0.14553110912370498
0.31301891424743983
-0.18307297148829396
-0.0746841452342501
-0.17221397877003064
-0.14288298261225643
-0.038820121330963256
-0.03313848491841731
-0.21696804875597456
0.3873480213976316
-0.539782026866677
-0.07285038537064271
-0.11279765665136228
0.4634048888777058
0.7034128431956926
0.41837947795129776
0.2461367922972143
0.06422437505148905
0.2818224709031368
-0.25007365849076335
0.21529441047032935
-0.29975951857759203
-0.13176029553191482
0.21207796911390125
0.5137117995301529
-0.02708420919853769
0.06653735289276448
-0.18972427401009534
-0.061418676625972626
-0.2445715834041026
-0.0214755983626028
-0.5512427335354788
0.5463042522023593
-0.01506892777300197
-0.010096308990128902
0.2457206906270224
-0.3527442309586858
0.06829943575193019
0.7812740025393304
-0.849868136054665
0.40991249808055463
-0.18264018795535905
0.06431763034344916
0.1276298733536868
0.07169086450684235
-0.5490718521815878
0.11290533803673851
0.4078721834132405
-0.18225158521037543
-0.1306179877920586
-0.5707660022712584
-0.03865027925375353
-0.24367035030058082
0.8091213479721481
-0.31641355275581845
0.3488606749331902
-0.2960287030434295
0.08002486931491967
0.40669259378308875
-0.4544047063219365
0.10226158567785254
0.42273550837654766
0.3571382463094066
-0.4475189915539513
-0.3753991933062739
-0.022054168226188407
-0.2171092966853367
0.45665012697637836
-0.005947291004321648
-0.21300396880677638
-0.42567830741162127
-0.0295742970836418
0.06996413736130667
0.20269203869902755
-0.6374983998624298
-0.397297688560217
0.8022755437913462
0.36966608646254934
0.3511616937648716
0.14182044555542575
-0.239017651464874
0.5363079594002377
-0.18953875055753383
0.6378390859604691
-0.7963542334668727
-0.5291127729996566
0.8085402248773088
-0.04791100795674043
0.6583848362788066
0.28937141216689083
0.865328874368617
0.04175757676480294
0.08123046957317268
1.0043840217567763
-0.2876827913506545
-0.6742685769112318
0.002499714912036506
-0.2720719372678912
-0.06479847661463721
-0.27045858488542945
0.713220715807729
0.39264064006621946
-0.184627937103217
-0.1693675603585727
0.032306055160096485
-0.5852333936054962
0.2800423980730832
-0.1461382853425411
-0.595596138035201
0.051282973134378976
-0.005102811473981067
0.31142761436932226
0.21057741939512106
0.10054076882178818
0.24739002749647418
0.9268487680655906
-0.277640246309858
0.2608342307421893
0.16237909671418016
-0.9640137004459275
0.002547420334948095
0.2158387657484867
0.05195583241082773
-0.09643750253636357
0.0894368647563138
0.27911358845736434
-0.23363716730707662
0.11202396103806339
-0.04963757103439783
0.17602545007317572
0.8319928874039242
-0.664884107349604
0.33478002243990396
0.4988729997354553
0.01685572028427983
0.493834190288341
-0.599867179672401
0.3125410808914904
-0.015914226177816303
0.4524124329454354
0.36164030069434344
0.19419241248486688
0.12703029621324602
0.24124222613967203
-0.2535989558786782
0.013221829172940295
-0.1806778242600924
-0.09558915100618384
-0.3203024602579491
0.5630547791613209
0.21342664009318546
-0.6377327482755263
0.5440204956220199
0.2617982477851707
0.1064148916429837
-0.40360800999001073
-0.08630526340729396
-0.9225265307284553
-0.21273939568560485
0.5888846030649186
-0.7826979759941324
-0.1289139383914673
0.12923572313505302
0.5031637328713703
0.1368900187369969
-0.3021324829283347
0.16452215846698556
0.09445854729547974
-0.9944959462478548
-0.5492078796740085
-0.8179803183179571
-0.43193055327066787
-0.5931801418486459
0.1912617601497424
-0.0164880096119803
-0.09665119556901941
-0.3814086000035305
0.6076410865056665
0.1345715902105387
-0.032101590388549754
-0.3296388382748132
0.39589376340722593
0.4401454596964546
0.17483123208987972
-0.09248429393720631
0.0402092763486365
-0.49563310296981683
0.3400453996103163
-0.004315332161976801
0.5742531272431574
0.052770805634197386
-0.1248938767665609
-0.43610227110949484
-0.370560207941002
0.6259345812015468
0.03723665227141939
-0.4944302037546877
-0.0423968176301337
0.11401091768339888
0.44475202553302806
-0.04904796781850796
-0.03651534219815306
-0.6914399624235096
-0.40184967423149404
0.37209294708293233
0.24852492369115087
-0.26257162234565007
0.6575855492860915
0.37239858919343954
-0.2036243912231257
-0.11340983824190286
0.2318515869300677
-0.02213373683782244
0.34580078982728557
-0.6150076004741801
0.14683012761400613
0.5799244198082848
0.42890267193546516
-0.5936421471100191
-0.14154049049392015
-0.06521453927426087
-0.12083886759042631
1.0480656041399463
0.5023532479769738
-0.8673057938498447
0.08100209209480977
-0.018052448877903957
0.12639955537188968
0.6943994062572811
0.33204299802284637
-0.025017827931908494
-0.009917762249179
-0.160539609637967
-0.313271003702268
0.5349411284851109
-0.0520448794348794
-0.39190553414048407
0.18478151096720893
-0.31394264705261504
0.37603758817196364
0.09121039151649014
0.1746051190307944
-0.24683278660944508
-0.1984164953243323
-0.7329918185997215
-0.36075543028735485
0.04429931272474591
-0.19343800650234017
0.2540344980270376
0.4643795033973215
-0.6796524652273561
0.4016280052243616
-0.8570108387050708
-0.22644196673268888
-0.1938163740619054
-0.6952583007054027
0.09018047949691617
0.5205193981277724
-0.08937095181408966
-0.5400228213741526
0.5559228626531987
-0.6145112447912909
0.23142000021637477
0.10479408382331051
0.790333015429493
-0.014455956406915871
-0.5040144450041982
1.082327805313911
-0.31061477324317543
0.16817490629725879
0.070366470855605
0.5614672588984517
-0.045530507149687864
0.3460518939336469
-0.05180864284502656
0.15071015457913417
-0.39442672002409546
-0.08382695847437432
-0.25724421834475175
0.0342459364234566
-0.43445369638889525
-0.019568487034277198
0.41042982429512387
0.013015449637195621
-0.26820232054191145
-0.28915001614560615
-0.0511403696902085
0.47193173648997633
-0.029174908801381766
-0.4002495822576833
0.6322722933125764
0.32667014315532
0.48172273804565013
0.6136172139848743
0.12344448318491136
0.33227375367224554
0.2626497235589343
0.2545225098265863
-0.5489059726514788
0.16411017195003244
0.46932755904361856
-0.7251777452817026
0.0034260753746084027
0.14355396956912259
0.2842263980018891
0.038625118360656414
-0.6944966072896075
-0.15428244012536818
0.7102177498530825
-0.4641356249479503
0.15169700720061416
0.30859711110026883
0.15562362391973206
0.7012309070773728
-0.1641080457656767
0.09452901962676548
0.08595987216636906
-0.2084818562451478
0.06445411674009531
0.08008087744339383
0.17366138664187628
0.020190376741593904
0.00982242410534607
0.00979539366790656
0.03483761704674151
0.9187657513218652
-0.5060571390909353
0.5285018258973339
-0.9421723244606357
-0.5652716429350082
0.40398803628759633
0.49248477473536934
-0.17423101063713745
0.6668919103673456
0.6446945526897719
-0.3353795609534499
-0.09495965287569158
0.8933972279299112
0.25023581570786163
-0.2316350474465484
0.17484667988974276
0.34084425666310525
-1.0347611624659543
-0.14480604452446294
-0.16616918986680404
-0.11823502689708539
0.6035474291737217
-0.8113610214181739
0.11240914599516434
-0.12466584456700376
0.16555970918758978
0.07688785990145972
-0.47029580587728437
0.4807848541733899
-0.08128278321198878
-0.3532493822588116
0.34119556485705066
0.5507081602095169
0.28717850527471966
-0.443563670670084
-0.5117848327806612
-0.36317793618183725
-0.05095336547920373
0.06089571486636493
0.41770992400976215
0.6980612915969591
-0.2159440703319152
-0.3638710800009536
-0.5050857457278896
-0.3540801456808438
-0.3668505232072996
-0.4137407296539217
0.15021909924105667
-0.12186364541093449
0.14127055764818455
-0.27460472177534795
-0.13535909775002627
-0.36041708846654713
0.460748878100971
0.2738219506752338
0.8278910482850477
-0.09157387474317356
-0.1363419651449116
0.2483715463615763
0.5323287251942393
-0.3647500480866684
0.38412945127478126
0.12521906742174332
0.1518065547770444
-0.17077672557826523
0.4399639823246839
0.2906158514568686
0.06466060497187462
0.6029069479714539
0.2482393982198762
-0.5627236447518102
0.31770023003402975
0.5577240477642321
-0.24958980455824342
-0.15387338304002396
0.10875483977850775
-0.3104926287897954
-0.018581773552604607
-0.645244877988719
0.22016149608630148
-0.30125099124337756
0.2247430566656287
-0.9160049442961985
-0.20690089800403003
-0.17067614773850331
0.1891832800782762
-0.2004670673758605
-0.16163226772702996
-0.8425769583556781
-0.010968174303121365
-0.689522580104232
-0.41752275665070243
-0.2815504687064966
-0.7473548116142241
-0.03548708840195596
0.5425047205164514
0.27811804966578163
0.5903405846191461
-0.3855553579516383
-0.5769247600359176
-0.05506717866355762
-0.03155182849013268
-0.5103536430660418
0.19202034832719528
0.5404728421081332
0.29712393049270336
0.26853958827236585
-0.4116479904233991
0.38781171139991216
-0.5168021814533131
-0.2596747596214829
-0.41318544480639074
0.03341675883036986
-0.6653191651416379
-1.1112560832827423
-0.09683579062508804
0.6533470155157832
-0.4817138748627805
0.1825886912049982
0.3028244861958789
-0.1803613292874449
-0.038729686358144694
-0.245356422260134
0.33760576213927534
-0.47049572192924016
0.12377355128868572
-0.27322240949335547
0.06696012380530716
-0.39327330120845616
0.254648635430145
0.17683841149392632
0.29733427748575497
-0.49493156961793566
-0.022349947331624938
0.048258107821460144
-0.41349553795459637
-0.08185674893583447
0.014926880884225705
0.2517029758186694
0.11200819784957412
0.5393885537587237
-0.22903953411692837
-0.0190505816608136
0.06576369917891983
-0.26428913742659094
-0.3039189311474576
0.04554022613692596
-0.5188834987475474
0.011130532189924665
-0.25179097035892223
0.24700629349742492
-0.18750757898196552
-0.14687919261701385
-0.39629419158725887
-0.40752431242487097
0.11899596506567739
0.17547196836708467
0.22518277506703754
0.13343871943428579
-0.2419255386652485
0.1514059595531905
-0.12098065508405707
0.40553574409150067
0.3334170801275026
-0.5961920245543108
-0.27591923500736354
-0.37568704309427714
0.1901624548531798
0.034265876398781765
0.40435760415403704
-0.2059052818110783
-0.13102261525118605
-0.05903913641853608
0.25989366148315096
0.34524573066102715
0.5442636455019554
0.05871368186661161
0.5069143331229627
0.24501884927472917
0.6122815324863833
-0.16146701877050287
-0.13811006049407368
-1.0641340843481106
-0.14594384489874954
-0.12676577804727493
-0.47978698911809625
0.5818657153391706
-0.276440691505433
-0.0007106733909911146
-0.12251797428326888
0.7036335798775712
0.06742194927526961
0.21377776888384653
0.08436552869584418
0.4295593924164169
-0.3237441585322412
-0.1585856571453925
-0.2913517453704199
-0.2522184982347073
0.744958671834041
-0.3761682139119442
0.653022385077569
0.14786010193717192
-0.12830888896417122
-0.5059317788757443
0.6291443523175414
0.09793861728512607
0.2624065234229947
-0.2193769661204751
-0.3045687211238934
-0.13206243160700684
0.4414765443254274
0.005407632513995133
0.30449723182572996
0.5870417340022219
0.45765754970071754
-0.694935725373759
0.7621055570736457
-0.20015764264007907
-0.22917223551600618
0.17580423296279318
0.553588651262657
0.5016093129256984
0.07493108828303133
-0.4968575911789542
-0.2330669588254787
0.4744161892249128
-0.3494572345931821
0.09464460932909605
0.7470441101477363
-0.19323444050299943
0.5190051786017221
0.4893060365130708
-0.0650312246558693
-0.38003120789864014
0.6724594955455983
0.09745526716386847
-0.3612650760981728
0.9527408293272587
-0.649852460885277
-0.31015287598378505
-0.0624176407536995
0.2204520062420571
0.6755752734684529
-0.20270947989163318
0.19591532607301032
-0.33265861402186836
0.28196560557226164
0.19024400967947852
-0.5235599795800127
-0.6892247620481681
-0.019949131216104688
-0.6898240181788462
-0.041433126697984664
-0.1996320831380553
-0.3936149043124837
-0.031178064712647696
0.5681388612911419
-0.12885429565701725
0.46017061185419905
-0.06833424127501289
0.14956145895891343
0.32496861763046225
0.16121516985111262
-0.04314426463932792
0.12067146446470332
0.8722673759677129
0.15598869402483329
-0.51114820162458
-0.47894793262424884
0.25860424165477197
-0.42679448708633877
0.0020820892466857765
0.26463678283751585
0.36671537021683137
-0.04736756918340096
0.17246320617928684
0.8616017112717439
0.38349431953726804
-0.16668787991273368
0.24415688063178054
-0.25964795263364815
0.4289595738757866
0.1379124291916094
0.023075417317482274
0.37803342297329073
0.038178295181889844
0.1654395397246644
-0.11655005736728799
-0.28329610744277367
-0.48184503692946157
0.2899605706132371
-0.3338858019162827
0.7194885026479263
-0.09967325962880921
0.3890099828881858
-0.28170093423714665
0.3191461472048054
-0.6889397569206133
0.5105521877059994
0.34016858119245197
-0.02897831494036171
-0.044888227712270135
0.3178368178002367
-0.5860217377811469
-0.033169652680379406
0.25250811177128074
0.07992118209939447
-0.05626716665421491
0.1370707084265183
0.3602107545824996
-0.1444617937389456
-0.2148748078326309
0.26542540619336397
0.09447785605810305
1.101532783185893
-0.5398419081170887
0.2597557685419814
0.03460399615376398
-0.017910704827252693
0.6208160573275712
0.1623078909619647
0.1715223105168961
0.3614519152036293
0.5733459726591214
-0.6585055390041648
0.4543907457150512
-0.10289656731793191
0.26955757977979494
0.3353676886764352
0.4236240374107021
-0.16155703452000206
0.3737855834990131
-0.4784941264262315
0.36600215434603967
0.10252179419938104
0.7425937073884116
0.060535181407724875
0.05305615081624635
0.4749639775705797
0.3820396054782735
0.02101538739873405
-0.34188664910969346
-0.2789779210470962
-0.40131406053140756
0.15490844162659917
-0.5325596226260152
0.2644023010259066
0.1885135514430205
0.11737979308245011
-0.6304023896237307
-0.0971411129876501
0.2795326913155737
-0.06413015629083353
0.8538769565080362
-0.32829983574140115
-0.6938489913243753
0.00966326968775249
0.22292508118784818
0.48291531441644864
0.27017844897407906
0.16033819791902285
-0.17468327338234368
0.28453600589750017
-0.2816758619754846
-0.2021615447203732
-0.16105032298621152
0.058460031201274236
-0.49724374917451386
-0.4798258592433074
0.2427824228583667
-0.2257998133922584
-0.6527885133476192
-0.5814716130514799
0.08142017575588054
-0.20501358179683737
0.03407811128328767
0.03210091954476433
-0.2939019639745734
0.5455603239558013
-0.1316644887198751
-0.33419015348993913
-0.4418150072136916
0.26240375279508515
-0.22756310331774712
-0.21674331964106416
-0.5674442071552005
-0.02245697581451194
-0.07876789080657215
0.5035623368843952
-0.36344128984608576
-0.7853148822007543
0.4844452852080304
-0.1629703772994238
1.2113964469693466
0.2577619567970587
-0.37200267108734497
-0.6420110813086706
-0.23268238634941746
0.16309783522781873
-0.18920938198813167
0.010926331747500483
0.1351886276998091
0.08632839212567321
-0.9296814197649632
-0.04896787498156144
-0.036451697027846126
0.2647957890529306
-0.22722414013204204
-0.759317792439484
0.3726461499961959
0.07481112134561489
-0.5151665306116393
0.2487093656192947
-0.11070807037885651
-0.2963125248219935
0.49365507251826585
-0.14870735842033309
-0.4279093741166891
0.604028576263592
-0.40295888223499277
-0.2818172246446454
-0.03129236531008157
-0.30701952925045106
-0.016498003520026776
0.13394494201231621
-0.1587181152477839
0.16848359012107073
-0.23207317943925246
0.16799453510987633
-0.6662871452472539
0.0884163213491483
0.5070706438204949
-0.7623528786645402
0.10261877644196514
0.2676128295907857
0.006163772566865277
0.24995593889058132
0.2895144290166322
0.4420773155806703
0.6071307823789692
0.018485967529642267
-0.3987399864647074
0.13864592922519733
0.8999947219485318
-0.23599233069969472
0.5069141523333837
0.47759183308776304
-0.19644229895349194
-0.022298910890785114
-0.5027205383634231
-0.7767385307110035
0.16468236987203883
-0.4047467989210297
-0.03940785595465906
0.0742592011598701
-0.2721963059174309
0.13777137937837414
-0.021698766021478653
-0.2508286888511173
-0.947285892698933
-0.17255576830424052
-0.3688548343784223
0.4439774787171267
0.28544404278048424
0.02372053044653083
-0.012628769564862353
0.8738420876312706
0.09297965042686553
0.5554990711215736
0.25574299453273575
0.5224039849324772
-0.05081966816702919
-0.12767880114614658
-0.6809844026363266
-0.24265946573849295
-0.7027185381355763
-0.30412866303538627
0.03930660050109693
-0.06302764551385358
-0.2828882327935492
0.09761093647044579
0.39006232355427595
0.3132153961911548
-0.41008947319019884
-0.37288648891819764
-0.3092026707677161
0.47480014719245905
0.058262356421318356
-0.43705856954717615
-0.022862495332094085
0.24451746724124931
0.11986410275776267
-0.2894673175553812
0.11254467944602792
0.003991847289001679
-0.12980710569661189
0.21118799923613363
-0.1436776529209077
0.2563218682206996
0.23790480722029694
0.36511867728239755
-0.19418590187767015
-0.37832210489600354
0.5810854330362168
0.5699445551140471
-0.9620694328664725
-0.34593553943963556
-0.6497260015151166
-0.11419014199955835
0.5798085062916982
0.3032353524950773
0.7324961888407158
0.025520686150130978
-0.3241199712584132
-0.3447449305292891
0.2421261926307111
-0.5950558779817168
-0.20297379174235974
0.053594682217667104
-0.20005831108932648
-0.28142025177273816
-0.4571498613928344
0.3642018608160782
0.04313548262030181
0.07881622644470364
0.9337878338516712
0.5292807141831787
-0.3748076162139193
-0.24521360812583481
0.32512914692156913
-0.6589857552476914
0.10986675124011519
0.05936581680955131
-0.016582253792238048
-0.6088090757175109
0.16458618816207385
0.04224469155271934
-0.17692234957431707
-0.052769764568031285
0.09952844957730064
0.5777189349101691
0.12738546280593663
-1.0237753132516452
0.06721157653331117
-0.03212605496682842
0.3455170832485314
0.24236678602162748
-0.2760444432427339
0.01803334830780672
-0.08916503769668657
-0.13863844208907725
0.2581058073655431
-0.1709982602434203
-0.2206464313833767
0.09714442893430154
0.15196555061303432
-0.3335496460510784
-0.07119963070120904
-0.23495949541410854
0.14627691415012642
-0.5679497647773694
0.5867776687492203
0.06388885088936844
0.2942588375574888
-0.25676689219193455
-0.026084019466995335
0.350460340498199
0.47156354754532775
-0.009417966663779417
-0.24790675681518534
0.09243014928789739
0.8680478090077225
-0.11252307027194444
0.07256690490309244
0.18727927599293154
-0.36671579600081394
-0.2101039042227936
0.7699014405793307
0.023418765971548614
0.9255934087545215
0.15232132460874637
0.47063677503947643
-0.21423191285834908
-0.07470640826024726
0.14843286497307015
-0.4248643301457404
-0.3096631453205758
-0.01933411931177649
-0.06174888307802726
0.3178695612728501
-0.30932231580590547
0.35370223511321486
0.056597436348819766
-0.40890926477532785
-0.8961052897432524
-0.2217861544917077
-0.04900115567059723
-0.3575581805779984
-0.23178611029860116
-0.011377317695927204
-0.13484898815084384
-0.3994964744226216
0.7009165727560577
-0.09227300792314502
0.06870067096469183
0.2925109151081817
-0.05385861925024851
-0.26491397232513264
-0.8031009616554776
-0.33208996763525667
-0.7513725133339935
-0.6496775046742791
-0.12952781457843962
0.584431271231611
0.01038609520732444
-0.8554269927735018
0.15548536706757637
-0.014267165457664835
0.7815465978417901
-0.2985461005344376
-0.6271911459007856
-0.6304177927271299
-0.030410672761627962
0.04015726539090738
-0.10689181145177239
0.4547671653310101
-0.533904433002194
-0.885010028509781
0.4389425340641297
0.542834165113698
-0.24393403922726684
-0.28868650082845715
-0.48411816334066704
-0.0982772104292159
-0.34622389219152483
0.3835983050322144
0.2072840949605408
-0.6450656461259563
0.6627614083983363
-0.23853252919634804
-0.035220750625447064
0.21324876290844272
-0.45801677271544394
0.3356297241791981
0.14252073377383354
-0.15459259642086542
0.6200140319216583
0.12952776130345475
-0.050813190661938026
0.933644516635647
-0.3878778385509345
-0.6338738488193402
0.5632819599070875
0.478384759531844
-0.08741492617576341
-0.24246789683729042
0.21377066444402662
0.06683562713700733
0.5454092682198962
0.043821444902763476
0.5218518677210559
0.16302808337140873
0.03542017575903243
0.9802178067891409
-0.562468462627328
-0.7624641564030665
0.3805223922605076
-0.5057291757091212
0.049434405494331445
-0.05622759382595558
0.04307001757380527
-0.029237886799434072
0.04933111868360837
0.36232065966344923
-0.3235483098103272
0.5531739559813585
0.6222778187164485
0.022800187026017407
-0.11798274839239956
-0.7604235556921843
0.5503215933423793
0.1128426574922014
-0.3022655834242168
0.19292350648662526
0.050808258086724414
0.04634444985488867
-0.3312883175602157
-0.2923381719402404
-0.6048032022833614
0.18233058148283077
0.31525134423405654
-0.10438735164638564
0.38521370019519574
-0.3503478305128711
-0.5785275525151338
-0.24529350973265995
0.1860226081959648
0.15706659343379475
0.5597501282747984
-0.21037414064082693
-0.5549403450394607
-0.4332306147688103
0.15639727583821145
-0.27073707124135704
-0.4099868966081469
-0.07006571678878214
-0.12393501904348739
0.9935793860647266
-0.5817505775625024
0.01234396521145412
0.585413561560899
0.062360937074164895
-0.24471021667769471
-0.5267289303244671
0.30738675495239337
-0.08082998341698455
0.18805430072821533
-0.3666082758684444
-0.4216605006161772
-0.2256645547453239
0.21468667474036993
-0.0026894474316521188
-0.3003913037052469
-0.11045575987999004
0.38978257759640006
-0.14187437412395007
0.1666996444852903
-0.12994581405371078
0.42852756807332615
-0.5353288865323507
-0.4683689636394812
-0.2992253512266171
-0.12724094875401779
-0.30603426899682407
-0.05450066538752912
0.15105759584183953
-0.5701960917602377
0.14310509540220628
-0.6422875778072826
-0.42924036539980853
0.3773758646431214
-0.13504871195656293
0.19163367518567248
-0.049989338345731535
-0.1811636709975684
0.010266926549686103
-0.28397685156851027
-0.0419048958421588
0.6107513826311518
0.17613281075911513
0.1860423507484672
-0.1478905756188232
0.6070686226916098
-0.20276516819665785
-0.5514823587919626
-0.8176819917162856
-0.0558774713263274
0.28303508517166726
-0.465512812302252
0.1141349336876564
0.4940235452564281
-0.442346390874059
0.6528072805555842
-1.0526798580715935
0.48694195901878534
0.2690053316689682
0.17494744822210406
0.09427621530825642
-0.5448847720439516
-0.4214287935094467
-0.05419079743535115
0.49186201120282824
0.0351231227628628
-0.5571682552691212
-0.004124209075782345
0.03076648370772719
0.3630974837598673
0.20104905740825282
0.396064347297061
0.02136772150090774
-0.757046261216032
0.14319711235722446
-0.08298765627907416
0.27707804657767104
-0.2075435178930154
-0.35860215285536445
0.09831092662237989
-0.5454665032840879
0.0880296566190528
-0.6247091531822144
0.0828228656807494
0.12751155817490592
0.058652800802144404
-0.10255959435765499
-0.0050378762968364904
-0.3240679744405968
-0.09100844358499867
-0.30963080622850014
0.2383731470268438
0.417403019595713
0.20601510632424494
-0.10575391529285949
0.8378421991024632
-0.15855110705640305
-0.3511031741503518
-0.23647441696699112
0.3886164808413597
0.41398070297571476
1.0301133576106742
-0.014375744028553636
0.09476577841217432
-0.4667584539481886
0.3659047777886998
-0.09739052979830166
-0.03942892597431499
-0.49405976851301175
-0.5242238566670515
0.4436716081879076
-0.3006629660226424
-0.2397129645393183
-0.12902503147861602
-0.38978196285765476
0.08617055226536575
0.3059866202952122
-0.6576067261899339
0.35996717669656647
0.25809388778233777
-0.08392174115861298
0.3753154378776347
0.11939930106839831
0.2392262648724163
-0.9997881287238688
0.25867747339331726
-0.3238708033795337
-0.44078193335910004
-0.13287673509282943
-0.09326374119188888
0.5470635845962891
0.16949207210271108
0.30787341742955765
-0.17593344771850694
-0.10912200813429813
-0.2063071769316617
0.757212113072372
0.4574224807713
0.21231764935308084
-0.049329971734288124
0.13237072477875375
0.3511441400148507
-0.033515636564225064
-0.015758791041680705
-0.58099792385087
-0.8207734661854323
-0.24049897085640276
0.30210066582882605
0.05406186529875423
-0.6966826944239286
0.5775212059420258
-0.34261323581365255
0.20797253541802935
0.18615491431189224
0.05832878158101155
-0.02025139481622075
-0.2649504442087702
0.0406337674916831
0.29429954900359484
0.8372928098716795
-0.6203164115826765
0.259674136760786
-0.2582861731501054
0.5469281958111067
-0.059070515471225195
0.33311086426210007
-0.19069539933243185
0.7198771402940841
-0.06360594839406468
-0.09489170135363244
0.26982998144117537
-0.10426724054177734
-0.34633524610556177
-0.23210724691590628
-0.5065456004692267
0.3009557952552161
-0.9065262298905101
-0.016165908497261773
-0.43587756008861894
0.6147106918093803
0.15045179229402222
0.33833079216956885
0.19505942919060337
0.15050258847563885
-0.40601506457866077
-0.30955858085979854
-0.4683355051052738
0.4856892855027664
0.7803665193763942
0.061430856890516465
-0.010445273395584542
-0.05912672877778004
0.8877047137294467
-0.9123279241601386
0.1501161029809175
-0.18888810579678536
0.5602109594132595
-0.22187709528640862
-0.5982341401919394
0.05698512889655623
0.1644689516640024
-0.9104086643394856
-0.0005597630133174149
-0.22924892259652416
-0.30695223231527724
-0.22313484563008656
-0.8510155497769234
0.32916420243394645
0.3751847766117032
-0.10850220497608574
-0.4313219789155766
-0.29136273970367266
-0.48630195282639904
-0.4680365666716091
0.020350937204032353
-0.5709301636386973
-0.12745490498753662
-0.0880703338041056
0.3484538009768311
0.41152882954057035
-0.002175957683972698
0.5059129341800598
-0.25975438682795554
0.4063326458010941
0.2665431018304036
0.10658139715333577
-0.3148964665049315
0.4023151187121122
0.5998314261269525
-0.6872475109424208
0.4683951606281932
0.3236192273467679
-0.02852234501852435
0.530373392196678
0.19342724570052558
0.6411599599710323
-0.3353098700214124
0.2897598367589516
-0.3597859491291985
0.2969920441183928
-0.4938659179248915
-0.11953412404653795
0.09362355532054639
-0.0714468064630626
0.05379701179977708
-0.34928910507380295
0.31473903671980863
-0.13546075553554418
-0.0708050369602398
-0.13144163594600441
-0.40671735733631054
-0.3886147884042447
0.2662434221375853
0.4677437289068862
-0.14340441608954743
-0.02553424900311232
-0.25315528748220933
-1.2057133992846507
-0.19684618610250165
0.49151296457908944
-0.13297907653598579
-0.6834048943344573
-0.24693577681417478
0.5477072555135759
-0.6938930397486653
-0.08606938353868492
0.23821258353465838
-0.27637814364447577
-0.0066005390751538735
0.06284731848385504
-0.05770256871719644
0.08279845471725089
0.0034940137240601233
-0.1493275128737998
0.3415348833117447
-0.11387096761083096
0.3128820451370981
0.22520336797048246
0.58145767711449
0.3539728325684606
0.8230507871403479
0.13119501419574073
-0.17508018524810023
-0.4706760093082305
-0.1080963154597685
-0.22748643913905653
0.22615130665442426
0.5160168333526082
0.22645414827991758
0.18269087625736372
0.23501541233765552
-0.6175553543768021
-0.2892889661322741
0.10907565869087738
0.13940294901964564
0.6353325099914121
0.006604543544308415
0.3511544525229764
0.08473681214759689
-0.4256243820606902
-0.17047099923312914
0.2139948459397497
0.044146913143697564
-3.097464026346396e-05
0.44645704567017186
-0.2895527973703416
-0.18252884602171088
0.12659725966890703
0.23164666948599213
-0.19908653288155778
-0.07151091196848602
0.12465201192785627
0.09978276720551582
0.5467379490069484
-0.26915177949085706
0.06716138174248061
-0.8557070278787695
-0.1705427684482802
-0.5420755856241921
0.13625715649149459
-0.2882155842219112
0.26621249331579827
0.28245077665853885
-0.35319607173115797
0.21541080683883074
0.47497296852040266
-0.1018864836540182
-0.3150414137234841
-0.05225248170807965
0.04016620622453704
0.4203159892926907
0.13240274647660075
0.046958085658987105
0.279073007525162
0.06899091467546768
0.45946077610399805
-0.5794047012089127
-0.49727691233841886
0.3432285236677261
-0.18462021674716622
0.4687656085453707
-0.15986167758889483
-0.20576770378469003
-0.3577893201090117
-0.4406800252385581
-0.6024189490003086
0.17972066162482958
-0.6153542219438465
0.4700128171523355
-0.8308222561156916
0.33195594262008354
-0.09404264929240513
0.4525393320944745
-0.8109980471210103
-0.5097897952860716
0.11014302612814045
0.026536505050596595
0.6359881255037633
-0.45983622715658523
-0.32829455473701374
0.12327925249895866
0.4641596008191809
-0.6159463525048057
-0.06831823048338859
0.3205869815840272
-0.8505419182164329
-0.1693396042979659
0.10892504003818326
-0.3462584270226581
0.0666429416915935
0.5922526008278831
-0.6360144689821606
-0.5263296280759734
0.30240475877348044
-0.6626099010417987
1.1839821797986487
0.32311938741385926
-0.1358226663380531
-0.04217163656893952
0.10131930635523718
-0.4322511922409591
0.22344402435427663
0.26982533039280593
-0.6452934713433834
1.0452276621718537
0.17639287914429905
0.11094904836513186
-0.045609682650394404
0.3278508862075805
0.5489289101903296
-0.7374963959166574
0.4780351090069777
-0.11529636876181995
0.025401508222774552
-0.32770177503080156
-0.17913372471208933
0.4079503735341664
-0.4455348594660875
-0.31910326433116576
0.38041112031949087
0.32961277225943514
0.205988286140925
-0.018831826566149165
0.23729314119558903
-0.4901806741507584
-0.11459499474045712
0.5332329835153764
0.22471751967162584
-0.41013314749045265
0.209738472275224
-0.7739244689251971
0.1777741521788926
-0.1329543234382124
-0.7766276646553468
0.011663453943927593
-0.12871564123873544
1.2168350649706352
0.7669602354432774
-0.10654614702056864
0.54253716510697
0.3878525751781807
-0.4538657424173743
-0.37122031813389744
0.2367550242547498
-0.20318910684860733
-0.9273123842330249
0.9712642573811157
-0.08832607413656693
-0.45023057072574074
-0.3305045776748834
-0.07993305672918945
-0.4997936988550426
-0.6814472526609747
0.1480383619393487
-0.12101219973300292
0.4985988949203698
-0.3890263843424451
0.3934102810958813
0.3059675775785573
0.3194017692054595
-0.42392757853071317
-0.08389170218228478
-0.13468829843647764
0.2663512460268424
0.2710757465262844
-0.1264112585977027
-0.23784137171500827
0.7530916420962074
-0.026603281402563628
-0.10644707972399332
-0.24246610587488482
-0.3123965739710691
0.24761400326470617
0.01782542053789253
0.16208891086992194
-0.0545711542666987
-0.10105584289227297
0.017927964698282624
-0.4108395681196241
-0.39297204340171876
0.742090405341334
0.2758219781597459
0.11384560974236789
-0.40980705624913444
0.2976768310913467
-0.3398052448752767
0.11883630167267578
0.14267058362382887
0.099057961667792
0.31746461366854484
0.022914125915391367
-0.3803176167493755
0.006182471442718478
0.06572419397028398
0.09638381452807754
-0.03001476553840847
0.4791558624947402
-0.5732562987808122
0.061483196925671835
-0.12958369247099596
0.5447111459256407
0.233942669095773
-0.1565931703631425
0.137004721251593
0.4968387851268955
-0.29005040642198826
0.8293504858429164
-0.515312569972381
0.3257374931510097
0.49203376150503875
-0.4095996874853791
0.31284702776084133
0.26419086525634766
0.08199863465805796
0.07973209564931115
0.2421293178382624
-0.6310068346743215
-0.05021386737667946
0.09247783137936044
0.27472371548338936
0.38136330557579795
-0.30388962962280053
-0.05938855103691283
0.6465138283749003
0.4128484966309109
-0.4786357312702917
0.3990833550213055
-0.4814145670841276
0.3494568563069902
-0.040646889419808804
-0.1980501544676477
-0.07200094756174674
0.9861943171646145
0.6065767559840745
0.3642373851885472
0.3331690692057575
0.45531997050949624
0.0003311020594771784
0.485564589406044
-0.13157849170521016
-0.0392235975379018
-0.055528864501899804
0.3068112049189744
0.2563267012488803
0.6888060415124048
0.8327029326112998
0.019149963947491144
0.8765833681105024
-0.14737899031927487
-0.4247641344710988
0.34412708194967295
0.2297109311504485
0.0017156006197024073
-0.33573888760254933
0.31897120294784853
-0.20355831401462138
-0.428792114692239
0.26455763944061284
0.06087251066975229
-0.5136202003302409
0.47876126727806156
0.19929507106602123
-0.2587241315398466
-0.5543494356370562
0.3485080656139041
0.3089031538154154
0.02057685572532036
0.01251467097905312
-0.30536552389544785
0.3135174118811372
-0.4956017274623872
0.0885351610957526
0.35414320574474056
0.37663178131644703
-0.23063334010884212
-0.26303414079277826
0.19658149212492573
-0.15239798825672626
-0.728946329874881
0.6912559466985146
-0.4541812636291101
-0.26626995455928776
0.4153130363000549
-0.07207850351606009
0.008883893977417217
-0.08463293542028695
-0.15058026568887306
0.5254052008687637
0.608614791579433
0.04123062276056506
0.5905429666273466
-0.16807484547957216
-0.3921282471551864
-0.36661843190898824
0.04979870371383575
-0.07601315292270157
0.29704213604641333
-0.12615607085086475
0.27496443586018965
0.46343244782116166
0.24818042317412115
0.7055977806904472
-0.30535554382512453
-0.10573831768442865
-0.0824217174793448
0.37291110260608096
0.4857217928268691
0.003870388853465755
0.17911862177309418
-0.5788728488096824
0.17280101197170245
-0.39403272135915146
0.21349698414860413
0.13635421149886964
0.005771740869938576
-0.13744078364115891
-0.18848318635149144
0.7158876180085386
0.3612040871842853
-0.15543687308655157
-0.08490541453366715
0.19712167859558483
-0.025724835693292265
0.4355359752832586
0.4720669590244606
-0.36706295086362195
-0.13703370645266508
0.6986178184499766
0.127770173311654
1.1311722759929261
-0.6767513445464863
-0.48209022651004263
-0.1665065749000101
0.2829356194729788
-0.36663195228959017
-0.1439902035009429
-0.018350761946810314
-0.010535770312058301
-0.4720013245147514
0.0536422500450797
0.00513344440298767
-0.5154486591102526
0.6013400918121212
-0.007123476114530111
0.2670824698256834
-0.3559477237079764
0.19533553678076404
0.3501451268876312
0.3775580072935485
0.5220888543757959
0.14634309005665616
0.4528478939444022
-0.4197393152226215
-0.4138639790981725
0.11468518029017474
-0.3150663584643993
-0.001514917797245203
-0.44788074905425773
-0.07265239186978026
0.022436863982333768
0.21737464662908784
-0.18783317108016023
-0.3826452562071689
-0.27351022059948976
1.204347269630432
0.9733892970495582
-0.2568825542553694
-0.32257508952246183
-0.17765600334720255
-0.2161154906429318
0.03934608100887281
0.23828946800543124
0.398451614828673
0.639166700432642
0.5103338057210614
-0.7311354939312226
0.3178286057816899
-0.5257376279823441
0.21886678993259256
0.010106365277527765
-0.4843745045722198
0.09021521692191621
0.019179513784511784
-0.3624005459095423
-0.9333654492439323
-0.2542247884552
0.21688002820976737
0.32430260028473756
-0.4315817580402282
-0.36337962741081
0.31821179102988384
-0.3964243672806069
0.13618361999308173
0.1689136548005451
0.33407419955199424
-0.19060260409741162
0.5717830895412077
-0.37961832635833437
0.2924672395680133
0.3419957535899557
-0.05404682930739484
0.16465751715838306
0.042867838575282986
-0.41541107211789363
0.5670735548092704
-0.005787068275765514
-0.45316242789178063
-0.20723050916625155
0.05978585095716476
0.5255861569831891
-0.36666193101798017
0.1417137305849144
-0.17334149018157854
0.17848103260429823
0.8259542356101236
-0.04578842214350475
-0.5589021551036065
0.6408564893727353
-0.1750172699694086
0.05600477212442977
0.3466752841701435
0.11065068918917172
0.839867361223096
-0.13539774089460507
0.22261108624724302
-0.4720455018270688
0.4799486183810389
-0.4846934695885705
0.18789607640252076
-0.2743372659134833
-0.24936037365516112
0.09942716896781849
0.05594703023749266
-0.5792409322313
-0.3323058958802652
-0.39204083510350884
0.519442734527947
-0.06849936522313493
0.2839412806432657
-0.30669123969251677
-0.3307891924223316
0.15622650674487204
-0.7649030830191941
-0.48777683877773576
-0.28983917453406627
-0.3139666375915989
0.8784029325969182
0.07748359535950858
-0.6554698263318792
0.5517935528508459
-0.6433925269612231
-0.4460713049711454
-0.331184395510518
-0.515929278794044
0.3861375271270794
0.08094400989034772
-0.1132302606876383
0.4541729396317652
-0.376200536593909
-0.14635812327096268
0.11483435021041735
0.10011586839352063
-0.11452306187071529
-0.19165547455917983
-0.4598863901444887
0.06202146503673675
-0.22118110335924684
0.2908265377710271
0.3001154644567546
0.11664622651243761
0.3339960862083392
-0.8106986460798229
0.5604723486000072
0.02501908661100401
-0.10053838081273528
-0.39108754100396487
-0.3145402845934725
0.1641290575229089
-0.38881014402465996
0.16767855288028108
-0.20764115363498747
0.32405987273054104
-0.3734732555759458
0.31359649671655715
0.23800294524070204
-0.43237736095832324
-0.45262654376856837
-0.6047322550633509
0.21339522798464472
0.08249741230675062
0.718684734028245
-0.37522245812292443
-0.33307415194392986
-0.13745458076107697
-0.3280644487174257
-0.4701117325973506
-0.7365450306404904
0.2906198957365075
-0.0523654562869971
-0.31188180148482153
0.02455773161437138
0.09892534019982005
0.30865175660497174
0.11601884733841686
-0.44318955209508304
-0.37139419472681273
0.09506533253942309
0.053435518727037105
-1.517838399360313
-0.25338368432778424
-0.41671756789857906
0.9108869868639092
0.13099862235887602
-0.1933688759707633
0.33146173382771216
0.45029580273211195
-0.32800471619696947
0.05919312093691492
0.013123238018387688
-0.05550129820477615
-0.4771006576005868
-0.16804507619983577
-0.08012283452949867
-0.05241178503594546
-0.49650677926072895
0.2600732896847066
0.18699883225692915
-0.13548680550727038
-0.12628865702233225
-0.5531912936415815
0.34596917534298327
-0.5167587837399749
0.530239555540644
0.34552662663782263
0.023430660841143116
-0.32387056224832844
0.07664720745355094
0.07314705206418894
0.042785816758190744
0.2741602371681559
-0.1799898007629702
0.17079216901822855
0.21353506124758848
0.22579640759060648
0.7352830277589048
-0.2020086658400001
0.5101029761407079
-0.0015056595256352076
-0.19154915065053627
-0.5647373036223434
-0.2277855337760596
-0.25117517127702266
0.5835361815241853
0.14675076856054528
0.4556492699136073
0.4364812003639603
-0.022323191755919205
-0.47874343691268617
-0.4724273244840094
0.6459371900102158
-0.046001550935816066
0.009277033973699418
-0.624939418209782
0.1279995518046646
0.2397148193783325
-0.32139499979682107
0.018396909687018636
0.07388971055499476
0.06724197184006706
0.6502056533240205
-0.46694623862754847
0.3401315563849099
0.008019479932612037
-0.3363671343708382
0.7001293686402799
-0.13356500925390932
-0.3441305442565148
0.476959710172804
-0.12561848763424172
-0.050569377917477766
0.1060915652780246
-0.4199625387228054
-0.4810020905361553
-0.782743353651004
0.044538529059977267
-0.2692543027042002
0.2370353175283582
0.31215026407628876
0.03971195942833966
0.1582171721788679
-0.4000189270598301
-0.11402186559677263
-0.12854755439006377
-0.9145261651661247
0.2174724025472834
-0.9362402839641168
-0.10026184090589935
0.5133770721002765
-0.4947693182499464
-0.29034001202526444
-0.44333602813814715
0.6178744489264569
-0.5560416069116763
-0.4513913883328158
-0.3225830489878925
0.08555050563117697
-0.16689498823915785
0.2880031570592475
0.11224568843175742
0.11069111511450812
0.291712683864455
0.26136921037983185
-0.8074951296490731
0.029660119291621163
0.0708536033557248
-0.9513644216734628
-0.06719931556771762
0.13640846677962767
0.26011603939658384
-0.05510998784381537
0.057183749649756144
-0.4808018922544768
0.5180893010105247
0.48227307562913746
0.3872815281012778
-0.1638035139930207
0.1298480779556089
-0.526489525819189
0.711723033804341
-0.4616402215314286
0.7058543269550236
-0.14443748918384852
0.39799030877425556
-0.17663327310607757
0.35322220177698826
0.07037952350599892
-0.03332341457663296
0.5563069209640721
0.008935142685662284
-0.5464075715363833
0.0163779874432409
-0.03765805038017889
0.022870291564811407
0.20275090922804853
0.6954820854012298
0.22936853146455405
0.3059689816076024
0.05748813006680756
0.03258746649288839
-0.15808952106528557
0.25230399197856496
0.16233351310671487
0.1835034678114559
-0.31910954721493806
0.6582518755668312
-0.2664528458211146
0.14452598204954387
-0.40311751012802177
-0.27803989986050753
-0.7721413902385376
0.16331546315047582
0.0981203389945558
0.08224220512158276
-0.30482575186701255
-0.3705727421445582
0.1425210898015338
0.49624478503135344
0.5588176527401395
0.11974875699688114
-0.3222193040100252
-0.15200108982083854
0.42232070896273055
-0.04744524928610812
0.040793833432199625
-0.4168748199527748
-0.1230749373381157
0.0003999834552646844
-0.2151877919090914
-0.1615259590847867
0.07498818245429316
-0.43102813279729113
0.03699583914745593
-0.5231545683548567
-0.32711770034089654
-0.09504643320845757
-0.12072674802088519
0.7003283868977054
0.3130244425312553
-0.2753564288412435
-0.24772471915057823
0.7238346306160834
-0.3605011208763313
-0.7214545614368916
0.524040207904099
-0.41850915514026465
-0.15354628034633247
-0.3884484035226551
0.44085202821069985
-0.907508442218857
-0.8265548632743824
-0.11908975056338236
0.06761707281500481
-0.614869917429143
-0.1483051703585517
0.1770451383552999
0.4490873664995947
0.04910511704334014
0.05758825144623553
0.6475942024927681
0.9396169950088208
-0.05609606229846151
0.007927191658270992
-0.3209469640025383
-0.9999936804373942
-0.38162512361543804
-0.27645575173261144
0.5317172061075403
-0.08858214153396184
0.14764460499187743
-0.37955264512592557
-0.22367506301166495
0.7415978000094845
0.12521982567039955
-0.04161988668818787
-0.5610302552786928
-0.4734209587619601
0.158810241497914
0.6450733289365693
-0.5838133123234104
0.004747740583857933
-0.29915170121795176
-0.24561560815584005
-0.5477377917046509
-0.6632972778291749
-0.5139719194760455
0.5006519396589154
0.19526701154477916
0.5109711187270912
-0.4252317506056942
0.19997540800788013
-0.12652259424222087
-0.7253412679799007
0.03514957868346974
0.4200342073265388
0.06390188643021567
0.3918382880218803
-0.01656998167441222
-0.3181142234873645
-0.36392716836417155
0.6190660439846954
-0.03093323245794304
-0.23598381595338624
-0.3433525949399915
0.3824403144581563
0.186364659982555
0.09231976645533616
0.5073604487861838
-0.687390236518805
0.17789154352465722
0.16729226159731705
-0.6368514289519497
-0.18311229792139966
-0.6595809831485855
-0.41078199741406457
-0.48600088169550376
0.09348695740710772
0.3670576442836291
-0.3319872935664148
-0.29679460470090524
-0.16853140524271223
0.08048909297977752
0.20643795332466014
0.6783776897229981
0.2036097584864919
0.4223784503194799
0.009708011072777807
-0.0992376482427737
0.3114133610636077
-0.05447008592587732
0.3529229216985649
0.8337802695097791
0.8934799047273222
-0.05049730312769342
-0.02866554286188537
-0.35074755535819535
0.06050736485725187
0.5361369573637444
0.12826984238800618
-0.40068219083266776
-0.4534364079699561
-0.022046886585854505
1.0101942475801375
-0.8596234119443884
0.16110968180226606
-0.313980698236577
-0.013707474562940162
0.09443445482349642
0.19972224231076788
0.052751414107300026
0.1351375172380143
-0.5257943608753894
-0.28882073945551395
0.36024617892021493
0.4895403079659979
-0.18488972836163658
0.695121392011263
0.631358783208608
0.040245735050588004
0.10513061490817727
0.11145865239715064
-0.3861175974650327
-0.40789585400474904
-0.4823626099084501
0.24127836977490258
0.13953782631141626
0.2187137941407679
0.6706968030639867
0.16892589524480314
-0.21944185962793283
0.30034516384431464
0.26198319107824347
1.3107033655462033
-0.06336929110618382
-0.4704705224818203
0.39874940335570336
-0.052378271156402534
0.627498601692271
0.12722985433634887
-0.09305655184559876
0.42630750738159684
0.19855346883143027
0.3059577361996117
0.07041655670612264
0.20441582981946269
-0.6004120695571231
-0.6084296173229918
-0.6247288380426226
-0.30416396239615906
-0.2644436922326318
-0.1470535675647489
-0.052796763546812855
-0.7253610733104017
-0.15297296312240405
0.33753125845835896
0.8764308410045992
-0.385606418303344
-0.019418392609848595
0.3912546455586796
-0.18430482923760702
0.41066461693799455
0.4405691126184353
0.7036582934869631
-0.21977768604797673
0.2177142204527357
0.2618936296726118
-0.4857511205449072
-0.4252674102363592
0.07974736315376052
0.09796974989831203
0.029554748123797527
0.0327264671198382
0.3044478380728397
-0.5555282559491606
-0.05817600655903154
0.4126598021847633
0.42840597146339576
0.37477935543027874
-0.06265344135068428
0.09889524512664266
-0.40060811157278603
-0.2192161612178456
0.5112619898401285
0.7702917763206977
0.45779137228651917
-0.6730020164618257
-0.07721897008405972
-0.0662943418116795
-0.4859876336860633
-0.21728364518325433
-0.5562475109286463
-0.5715017148377984
-0.06858122278290374
0.4066502479179918
0.28640437641258565
-0.4535185686301558
-0.04618241396806091
0.24430737142952932
0.248840896025632
0.42710156695571133
0.7114114435766656
-0.6746106323818407
0.06876027110972255
0.5862242434839987
-0.12067307124146298
-0.10482771769969597
0.004345731061693861
0.8352519482345552
-0.15436319636189752
-0.20517650583623548
-0.23512960544583683
0.17603115728988328
-0.48102804189393233
0.3808573600022596
-0.25326805289747484
-0.2713148693918302
-0.7054554148181644
0.135031981847782
0.2224695418411312
-0.22205496035960579
-0.4087380837672999
-0.09356261668787828
-0.38973951275707963
-0.07275545255152431
-0.1911882880157593
0.19467429249100057
-0.3148054794554787
-0.2717169141108913
-0.21749581622596353
-0.44621780890215884
0.402171348849812
-0.42633117854835095
-0.11880668632537977
-0.23005444869320676
-0.4000475853116823
-0.13772548844561303
-0.009027214012551459
-0.24177987736882517
0.3544593585499317
-0.06085082112036874
-0.7167232607007215
-0.20191731046988695
-0.04721219524871377
0.09820206989751332
-0.010183346799215532
-0.16557165319309114
-0.0645730004154664
0.8395916657192212
-0.19949081790803677
0.15020653263722472
-0.08148832017650008
0.6507387769327765
-0.20298218403653567
-0.5194169680407383
-0.4719975414008626
-0.02358606451358458
0.1210542837163473
